[2.383, 15.981, 3.437, 10.384, 12.486, 1.959]
 Value_fitval [-14.153959573052305, -24.70713031846238, -8.917417630147407]
---------------------------------------------------------
[2.383, 15.981, 3.437, 10.384, 12.486, 1.959]
 Value_fitval [-15.21745805992435, -5.870190709251376, -9.160793744691585]
---------------------------------------------------------
[2.383, 15.981, 3.437, 10.384, 12.486, 1.959]
 Value_fitval [-15.217453743978188, -5.870189791806228, -9.160791688004522]
---------------------------------------------------------
[2.383, 15.981, 3.437, 10.384, 12.486, 1.959]
 Value_fitval [-15.217443039502648, -5.870191734527167, -9.160789759646523]
---------------------------------------------------------
[2.383, 15.981, 3.437, 10.384, 12.486, 1.959]
 Value_fitval [-15.217455096676142, -5.870192962778131, -9.160793582487758]
---------------------------------------------------------
[2.383, 15.981, 3.437, 10.384, 12.486, 1.959]
 Value_fitval [-15.217445896947106, -5.870192759803082, -9.160793327595155]
---------------------------------------------------------
[2.383, 15.981, 3.444, 10.384, 12.486, 1.959]
 Value_fitval [-15.2174659655227, -5.870192759803082, -9.160792239388753]
---------------------------------------------------------
[2.383, 15.981, 3.444, 10.384, 12.486, 1.959]
 Value_fitval [-15.218929750566144, -5.869584704415053, -9.159865689525406]
---------------------------------------------------------
[2.383, 15.981, 3.443, 10.389, 12.486, 1.961]
 Value_fitval [-15.230794731778577, -5.869648661172845, -9.160258737955894]
---------------------------------------------------------
[2.383, 15.981, 3.444, 10.388, 12.486, 1.961]
 Value_fitval [-15.230778165390761, -5.86964467447606, -9.160250838134823]
---------------------------------------------------------
[1.116, 16.719, 6.443, 11.744, 5.852, 0.887]
 Value_fitval [-17.58194171691325, -9.13154097728318, -14.358863877063392]
---------------------------------------------------------
[1.116, 16.719, 6.443, 11.744, 5.852, 0.887]
 Value_fitval [-17.582015365825384, -9.131541004133068, -14.358872288704998]
---------------------------------------------------------
[1.116, 16.145, 6.431, 11.744, 5.852, 1.313]
 Value_fitval [-17.58201718798213, -9.131540181731921, -14.35886629124958]
---------------------------------------------------------
[1.298, 16.437, 6.573, 11.42, 9.553, 0.964]
 Value_fitval [-15.76721231389141, -13.819281755762276, -13.494987699611812]
---------------------------------------------------------
[1.298, 16.437, 6.573, 11.42, 9.553, 0.964]
 Value_fitval [-15.767163153824619, -13.819281316910388, -13.49499263868183]
---------------------------------------------------------
[1.29, 16.401, 6.573, 11.42, 9.553, 0.964]
 Value_fitval [-15.767182375970435, -13.819284386210738, -13.49499621002099]
---------------------------------------------------------
[1.29, 16.401, 6.573, 11.42, 9.553, 0.964]
 Value_fitval [-15.385818807248171, -13.835080128564856, -13.608080297955548]
---------------------------------------------------------
[1.29, 16.401, 6.573, 11.42, 9.553, 0.964]
 Value_fitval [-15.385789473038558, -13.835083970108272, -13.608083413264072]
---------------------------------------------------------
[1.29, 16.401, 6.573, 11.42, 9.553, 0.964]
 Value_fitval [-15.385833107035655, -13.835078999055543, -13.608088890135694]
---------------------------------------------------------
[1.29, 16.401, 6.573, 11.42, 9.553, 0.964]
 Value_fitval [-15.38580263870459, -13.835081625275258, -13.608084767273583]
---------------------------------------------------------
[0.503, 11.598, 6.927, 9.798, 15.518, 1.411]
 Value_fitval [-6.288438063262582, -9.48303755115388, -19.537538962451876]
---------------------------------------------------------
[0.503, 11.598, 7.24, 9.606, 14.455, 2.038]
 Value_fitval [-6.288434147938867, -9.483042309068017, -19.537533046927468]
---------------------------------------------------------
[0.503, 11.598, 6.774, 9.61, 13.353, 1.888]
 Value_fitval [-5.457979347349166, -9.114889554773729, -19.603846631811482]
---------------------------------------------------------
[0.542, 11.712, 6.774, 9.61, 13.353, 1.888]
 Value_fitval [-5.291177372986638, -9.523154704926691, -20.231488500620117]
---------------------------------------------------------
[0.718, 11.664, 6.879, 9.604, 13.577, 1.901]
 Value_fitval [-5.098205875394975, -8.573296307967539, -20.966534689996656]
---------------------------------------------------------
[0.735, 11.515, 6.881, 9.618, 13.577, 1.805]
 Value_fitval [-4.90260714440159, -7.857181215381681, -21.303843446810227]
---------------------------------------------------------
[0.675, 11.626, 6.963, 9.708, 13.575, 1.896]
 Value_fitval [-4.963747220902192, -7.92870301050503, -21.362896179030063]
---------------------------------------------------------
[0.675, 11.626, 6.92, 9.708, 13.575, 1.89]
 Value_fitval [-4.963750498142267, -7.928701040637856, -21.36288386026918]
---------------------------------------------------------
[0.643, 11.627, 6.952, 9.702, 13.575, 1.894]
 Value_fitval [-4.988848036073822, -7.93771262053958, -21.334523467999986]
---------------------------------------------------------
[0.643, 11.627, 6.952, 9.702, 13.575, 1.894]
 Value_fitval [-4.988853152663028, -7.937711253165193, -21.334521423953458]
---------------------------------------------------------
[0.879, 12.179, 6.512, 10.474, 14.516, 2.524]
 Value_fitval [-5.1298452980207045, -9.597141622874007, -18.599830556351044]
---------------------------------------------------------
[1.961, 16.919, 6.572, 10.474, 14.516, 4.172]
 Value_fitval [-6.37940685223583, -8.262732204792291, -18.92864506621407]
---------------------------------------------------------
[1.571, 11.135, 7.265, 11.06, 9.821, 3.139]
 Value_fitval [-5.026995285305981, -24.943380076864052, -15.326725269611348]
---------------------------------------------------------
[1.571, 11.135, 7.265, 11.06, 9.821, 3.139]
 Value_fitval [-5.0269930477304055, -24.943371289506633, -15.326728384741754]
---------------------------------------------------------
[1.571, 11.135, 7.265, 11.06, 9.821, 3.139]
 Value_fitval [-5.0269955992511655, -24.94336899551108, -15.326720273481897]
---------------------------------------------------------
[1.571, 11.135, 7.265, 11.06, 9.821, 3.139]
 Value_fitval [-5.026999452392268, -24.94337714981407, -15.326719262586522]
---------------------------------------------------------
[1.545, 11.161, 7.264, 11.016, 9.838, 3.139]
 Value_fitval [-5.033604995706651, -25.075576308466296, -15.434122258891968]
---------------------------------------------------------
[1.545, 11.161, 7.264, 11.016, 9.838, 3.139]
 Value_fitval [-5.0336041211694615, -25.075557956665392, -15.434119396457461]
---------------------------------------------------------
[1.545, 11.161, 7.264, 11.016, 9.838, 3.139]
 Value_fitval [-5.033607359141698, -25.075557998932396, -15.434112524012004]
---------------------------------------------------------
[1.545, 11.161, 7.264, 11.02, 9.838, 3.139]
 Value_fitval [-5.033611019639775, -25.07555535336032, -15.434121179346775]
---------------------------------------------------------
[1.545, 11.161, 7.264, 11.02, 9.838, 3.139]
 Value_fitval [-5.034933113197652, -25.069892228186102, -15.433626541945507]
---------------------------------------------------------
[1.545, 11.161, 7.264, 11.02, 9.838, 3.139]
 Value_fitval [-5.034932851379893, -25.06987611001624, -15.433638984452958]
---------------------------------------------------------
[1.661, 16.195, 4.037, 7.901, 8.362, 2.732]
 Value_fitval [-9.547794723488021, -13.355274385270427, -11.88685827547106]
---------------------------------------------------------
[1.661, 16.195, 4.037, 7.901, 8.362, 2.732]
 Value_fitval [-9.547796897119314, -13.355277062439574, -11.886854204113861]
---------------------------------------------------------
[1.661, 16.195, 4.037, 7.901, 8.362, 2.732]
 Value_fitval [-9.547806087465695, -13.35528083733183, -11.88685827342095]
---------------------------------------------------------
[1.661, 16.195, 4.037, 7.901, 8.362, 2.732]
 Value_fitval [-9.547793655741657, -13.355276331218926, -11.886858273943623]
---------------------------------------------------------
[1.661, 16.195, 4.037, 7.901, 8.362, 2.732]
 Value_fitval [-9.547805540873236, -13.355274221817835, -11.886856240593849]
---------------------------------------------------------
[1.661, 16.195, 4.055, 7.901, 8.361, 2.728]
 Value_fitval [-9.547806138271355, -13.3552778332563, -11.886857256626413]
---------------------------------------------------------
[1.661, 16.198, 4.107, 7.9, 8.358, 2.732]
 Value_fitval [-9.573353951790047, -13.344880637506149, -11.881207231948174]
---------------------------------------------------------
[1.66, 16.197, 4.078, 7.901, 8.363, 2.666]
 Value_fitval [-9.599245574976546, -13.335420543693575, -11.89798515487787]
---------------------------------------------------------
[1.661, 16.197, 4.067, 7.901, 8.363, 2.671]
 Value_fitval [-9.612260751625554, -13.345066968339447, -11.902064096195758]
---------------------------------------------------------
[1.661, 16.2, 4.067, 7.901, 8.363, 2.672]
 Value_fitval [-9.615946663272513, -13.353267795958503, -11.904086074029351]
---------------------------------------------------------
[1.379, 16.615, 5.727, 11.743, 7.874, 1.868]
 Value_fitval [-13.680656608054642, -11.659045208972447, -16.07688590047088]
---------------------------------------------------------
[1.455, 12.28, 5.46, 11.48, 10.186, 1.581]
 Value_fitval [-13.06170007120513, -23.705299236700775, -12.622826774421565]
---------------------------------------------------------
[1.427, 13.035, 4.48, 11.493, 10.214, 1.62]
 Value_fitval [-4.910442009411397, -31.711894491305202, -16.249832168938106]
---------------------------------------------------------
