[0.686, 9.342, 1.834, 7.218, 2.93, 0.785]
 Value_fitval [-36.2385183264518, -6.7903843239405735, -9.988846240905406]
---------------------------------------------------------
[2.696, 12.675, 5.966, 3.59, 1.992, 2.712]
 Value_fitval [-12.15888697529692, -19.88501019900059, -17.216082183747098]
---------------------------------------------------------
[2.655, 11.258, 2.925, 2.576, 5.909, 1.12]
 Value_fitval [-8.702912276668181, -19.10054724451546, -25.397989903025085]
---------------------------------------------------------
[2.707, 8.825, 4.671, 2.647, 6.205, 3.589]
 Value_fitval [-9.88052395074048, -4.689470727569346, -28.43291709178425]
---------------------------------------------------------
[1.29, 12.465, 1.47, 6.735, 1.003, 1.056]
 Value_fitval [-12.500601956381896, -21.180176931677586, -12.070180752451227]
---------------------------------------------------------
[0.843, 6.239, 5.68, 5.618, 6.039, 0.263]
 Value_fitval [-22.497934507636273, -4.513087913025754, -15.233560512238784]
---------------------------------------------------------
[2.564, 12.729, 4.8, 2.134, 5.763, 2.305]
 Value_fitval [-9.815795253702989, -20.92514034811952, -24.69518191574408]
---------------------------------------------------------
[0.825, 8.484, 3.859, 6.251, 3.482, 0.499]
 Value_fitval [-23.793821250378123, -4.75549599114887, -9.755910375636656]
---------------------------------------------------------
[1.53, 6.363, 4.492, 5.659, 5.95, 1.247]
 Value_fitval [-21.202350579524982, -4.611295714570508, -14.668145902494894]
---------------------------------------------------------
[2.064, 8.34, 4.604, 4.382, 5.982, 0.324]
 Value_fitval [-12.665949268424265, -3.9789705729870932, -21.160672068840384]
---------------------------------------------------------
[0.686, 8.845, 5.961, 5.39, 7.08, 3.015]
 Value_fitval [-22.177781919765316, -5.459208426136427, -3.593486330799442]
---------------------------------------------------------
[0.931, 7.831, 4.676, 4.096, 6.102, 2.22]
 Value_fitval [-12.215272545066703, -1.8944274605867664, -21.871639332934393]
---------------------------------------------------------
[0.857, 11.562, 5.986, 5.117, 6.362, 3.998]
 Value_fitval [-18.25092252809889, -11.507812754197639, -23.19047730027739]
---------------------------------------------------------
[1.084, 10.616, 3.759, 6.002, 4.739, 0.73]
 Value_fitval [-22.504709349252316, -7.66145179828261, -11.788157227812588]
---------------------------------------------------------
[0.843, 6.239, 5.68, 5.618, 6.039, 0.263]
 Value_fitval [-22.4979919727729, -4.51308726022266, -15.233591123561144]
---------------------------------------------------------
[1.633, 11.283, 5.222, 6.372, 6.31, 0.561]
 Value_fitval [-7.7130139910034945, -12.121592924228397, -23.061952206416873]
---------------------------------------------------------
[0.831, 10.998, 4.956, 4.096, 6.102, 1.646]
 Value_fitval [-12.5765106978654, -8.023128672806063, -21.556279685616847]
---------------------------------------------------------
[2.354, 10.612, 5.899, 4.278, 6.31, 2.657]
 Value_fitval [-13.314368212027674, -11.23468729329722, -20.697218147510483]
---------------------------------------------------------
[1.633, 11.283, 5.222, 6.372, 4.517, 0.561]
 Value_fitval [-15.98974753836944, -12.440578134870332, -12.41249934644755]
---------------------------------------------------------
[0.897, 6.431, 5.793, 6.295, 1.285, 1.068]
 Value_fitval [-34.74808714206517, -3.6707422718351705, -8.551486008764792]
---------------------------------------------------------
[0.857, 11.562, 5.986, 4.382, 5.982, 3.998]
 Value_fitval [-13.766861206328224, -11.834958571173235, -20.06809638120383]
---------------------------------------------------------
[1.084, 10.616, 3.759, 6.002, 4.739, 0.73]
 Value_fitval [-22.504613868633466, -7.661457722232413, -11.788147697909837]
---------------------------------------------------------
[0.857, 11.562, 5.986, 4.382, 5.982, 3.998]
 Value_fitval [-13.766861206328224, -11.834958571173235, -20.06809638120383]
---------------------------------------------------------
[2.31, 12.759, 1.438, 4.134, 2.481, 0.743]
 Value_fitval [-8.307023821329604, -23.097742855752436, -16.231299178200395]
---------------------------------------------------------
[0.796, 8.564, 4.825, 4.883, 2.673, 0.216]
 Value_fitval [-20.0314787042247, -4.880431976851558, -7.651221889849395]
---------------------------------------------------------
[2.284, 8.985, 3.035, 2.53, 8.162, 0.721]
 Value_fitval [-10.48327526843017, -8.113379244737883, -23.537478585888106]
---------------------------------------------------------
[1.323, 11.41, 4.803, 2.853, 4.769, 2.268]
 Value_fitval [-12.968918874881144, -24.504006437706295, -8.743359062351931]
---------------------------------------------------------
[0.867, 12.609, 4.573, 3.261, 8.086, 0.151]
 Value_fitval [-13.705434430744825, -7.554293778901632, -22.617583770995246]
---------------------------------------------------------
[2.142, 9.428, 4.497, 2.2, 7.99, 1.843]
 Value_fitval [-11.439910148161436, -9.95298676033904, -21.957280677512667]
---------------------------------------------------------
[1.546, 10.708, 4.721, 2.497, 5.591, 2.58]
 Value_fitval [-12.46946233565772, -20.918098188435287, -8.976611563824441]
---------------------------------------------------------
[1.383, 11.094, 6.17, 2.909, 9.192, 1.451]
 Value_fitval [-13.962574567367765, -25.365507310163572, -2.5714780104559667]
---------------------------------------------------------
[0.974, 11.457, 4.647, 2.752, 7.347, 1.935]
 Value_fitval [-12.957199390267577, -25.50406281337606, -12.665443624260961]
---------------------------------------------------------
[1.859, 11.457, 4.762, 2.264, 7.513, 4.724]
 Value_fitval [-12.125213764426936, -20.855180117507054, -14.234503008394581]
---------------------------------------------------------
[0.7, 5.415, 3.322, 4.955, 8.473, 3.088]
 Value_fitval [-15.865993733990738, -5.89836361288266, -22.401664263958054]
---------------------------------------------------------
[1.383, 11.094, 6.17, 2.909, 5.993, 1.451]
 Value_fitval [-13.355442909108284, -27.746020281333333, -9.869729169483772]
---------------------------------------------------------
[0.452, 5.667, 3.723, 6.223, 2.981, 0.523]
 Value_fitval [-20.95526993039275, -5.707073378495881, -7.402678994920039]
---------------------------------------------------------
[1.566, 11.202, 3.702, 3.883, 2.663, 3.022]
 Value_fitval [-13.45355557112205, -22.821365203084248, -8.550929722245982]
---------------------------------------------------------
[2.142, 9.428, 4.497, 2.2, 7.99, 1.843]
 Value_fitval [-11.439910637982099, -9.952985816049509, -21.957290316036982]
---------------------------------------------------------
[1.603, 10.868, 4.644, 4.461, 7.469, 3.305]
 Value_fitval [-17.523101313256333, -15.874163990843167, -14.089252482378052]
---------------------------------------------------------
[1.391, 11.233, 4.545, 2.256, 6.087, 1.288]
 Value_fitval [-12.15509855461973, -34.96114683248412, -9.22990474735248]
---------------------------------------------------------
[1.859, 11.457, 4.762, 2.264, 7.513, 4.724]
 Value_fitval [-12.125227021329819, -20.85518713058818, -14.23449032432928]
---------------------------------------------------------
[1.459, 11.326, 4.793, 2.474, 4.511, 3.793]
 Value_fitval [-12.667907807486698, -28.06366339689028, -8.32422791019312]
---------------------------------------------------------
[1.429, 10.837, 4.783, 2.665, 6.333, 0.923]
 Value_fitval [-12.7236293701027, -22.511354667144204, -9.955519331090946]
---------------------------------------------------------
[1.784, 11.2, 3.758, 2.329, 6.764, 4.176]
 Value_fitval [-11.277114680910817, -33.09402895290337, -10.455792491858354]
---------------------------------------------------------
[1.855, 10.206, 4.843, 2.266, 7.423, 3.157]
 Value_fitval [-12.178620507220277, -14.73513287718212, -13.715494325286357]
---------------------------------------------------------
[1.472, 10.924, 4.713, 2.326, 6.443, 1.015]
 Value_fitval [-12.264506403717771, -26.64487352748242, -9.861145626553956]
---------------------------------------------------------
[1.867, 10.882, 4.451, 2.589, 7.232, 4.002]
 Value_fitval [-12.100418353178766, -26.618550230506113, -12.669941682270832]
---------------------------------------------------------
[1.657, 10.608, 4.754, 2.903, 7.43, 4.349]
 Value_fitval [-13.03408649374556, -19.01989745165656, -14.122421344697145]
---------------------------------------------------------
[1.569, 10.956, 4.738, 2.387, 6.231, 4.151]
 Value_fitval [-12.294694422218484, -28.963047026616316, -9.701955962508608]
---------------------------------------------------------
[1.832, 10.455, 5.667, 2.247, 8.431, 4.267]
 Value_fitval [-12.324165586489201, -18.210399094744947, -13.20357827743198]
---------------------------------------------------------
[1.858, 10.459, 4.734, 2.208, 7.331, 4.139]
 Value_fitval [-12.033011037328071, -18.19039143027654, -13.002416320136064]
---------------------------------------------------------
[1.832, 11.084, 4.736, 2.523, 7.448, 4.243]
 Value_fitval [-12.089683846971518, -27.882475375469255, -14.202548193098144]
---------------------------------------------------------
[1.771, 11.246, 5.537, 3.216, 7.54, 4.536]
 Value_fitval [-13.808571132240456, -17.884762897869685, -15.457272267935293]
---------------------------------------------------------
[2.074, 10.446, 4.753, 3.031, 7.494, 3.646]
 Value_fitval [-12.897697713346636, -17.682987291932513, -15.386422376526038]
---------------------------------------------------------
[1.867, 10.882, 4.843, 2.589, 7.232, 3.157]
 Value_fitval [-12.441179859145295, -25.72821272869193, -12.989906078241473]
---------------------------------------------------------
[0.205, 4.914, 5.784, 5.593, 4.404, 4.306]
 Value_fitval [-20.98756286551962, -5.464681872811407, -7.525406671199315]
---------------------------------------------------------
[1.771, 10.868, 4.644, 3.216, 7.54, 3.305]
 Value_fitval [-13.422028432010505, -22.26124280665995, -15.280965528077704]
---------------------------------------------------------
[1.657, 10.608, 4.762, 2.264, 7.513, 4.724]
 Value_fitval [-12.147211528722735, -19.617153769766464, -13.995318981749673]
---------------------------------------------------------
[1.859, 11.457, 4.754, 2.903, 7.43, 4.349]
 Value_fitval [-12.447176043292657, -17.798959464797566, -14.41440259743696]
---------------------------------------------------------
[1.855, 10.206, 4.623, 4.01, 7.423, 3.39]
 Value_fitval [-15.505842780865875, -13.638786144900532, -14.286110400085448]
---------------------------------------------------------
[1.459, 11.326, 4.793, 2.589, 7.232, 3.793]
 Value_fitval [-12.56909528102549, -25.895522360725, -12.49349554776832]
---------------------------------------------------------
[1.867, 10.882, 4.843, 2.474, 4.511, 3.157]
 Value_fitval [-12.231955536600962, -25.979758721015287, -8.60126178930043]
---------------------------------------------------------
[2.938, 2.935, 5.798, 5.53, 3.74, 4.531]
 Value_fitval [-20.14811767904607, -4.846322000853949, -6.547647482673024]
---------------------------------------------------------
[1.328, 11.246, 5.537, 2.267, 7.463, 4.536]
 Value_fitval [-12.687402782059735, -31.9142208636424, -13.687548497819922]
---------------------------------------------------------
[1.867, 10.882, 4.713, 2.326, 6.443, 1.015]
 Value_fitval [-12.019604731422952, -27.608703249710658, -10.275786733924427]
---------------------------------------------------------
[1.472, 10.924, 4.843, 2.474, 4.511, 3.157]
 Value_fitval [-12.618189503442053, -25.69344517120961, -8.267246624807894]
---------------------------------------------------------
[1.429, 10.837, 4.783, 2.665, 6.333, 0.923]
 Value_fitval [-12.72362987809956, -22.511364924242038, -9.95551955115911]
---------------------------------------------------------
[0.449, 4.592, 6.012, 5.052, 5.145, 5.815]
 Value_fitval [-20.05922608573217, -4.773133898425755, -7.7188203022257]
---------------------------------------------------------
[1.141, 10.598, 5.357, 2.459, 7.494, 3.248]
 Value_fitval [-12.537318331606604, -15.799679672525329, -13.598632779304348]
---------------------------------------------------------
[1.867, 10.882, 4.713, 2.326, 7.54, 1.015]
 Value_fitval [-12.00183667305904, -27.699720583909976, -14.28495992686443]
---------------------------------------------------------
[1.771, 10.868, 4.644, 3.216, 6.443, 3.305]
 Value_fitval [-13.106556763958563, -23.171983243728256, -10.86518422427245]
---------------------------------------------------------
[1.915, 9.896, 4.555, 2.797, 7.113, 4.243]
 Value_fitval [-12.616391880624727, -12.055469334768897, -12.23896599079539]
---------------------------------------------------------
[1.832, 11.084, 4.736, 2.523, 7.615, 4.243]
 Value_fitval [-12.18499280360385, -27.09854606083588, -15.708913388888595]
---------------------------------------------------------
[1.757, 10.814, 4.696, 2.797, 7.113, 4.441]
 Value_fitval [-12.720765895644352, -23.779468451705057, -12.471502542677237]
---------------------------------------------------------
[1.832, 11.084, 4.736, 3.557, 7.46, 4.243]
 Value_fitval [-14.16454232149228, -18.90455781840393, -14.755441954647427]
---------------------------------------------------------
[1.563, 11.062, 4.554, 3.162, 6.254, 2.168]
 Value_fitval [-13.224993262340137, -26.94569885050238, -10.270497645561482]
---------------------------------------------------------
[1.744, 10.732, 4.729, 2.732, 6.516, 3.804]
 Value_fitval [-12.665705750778567, -22.54806892421303, -10.592599491267592]
---------------------------------------------------------
[1.558, 11.315, 4.75, 3.024, 6.564, 3.485]
 Value_fitval [-12.799972728008417, -22.344629157682718, -10.843723980677254]
---------------------------------------------------------
[1.61, 10.688, 4.956, 3.049, 6.805, 3.289]
 Value_fitval [-13.46763055926128, -20.195470029030936, -11.381364112185956]
---------------------------------------------------------
[1.732, 10.55, 4.814, 2.98, 7.364, 4.008]
 Value_fitval [-13.252510246032163, -17.965164131704416, -13.821243102395444]
---------------------------------------------------------
[1.777, 10.971, 4.521, 2.81, 6.72, 3.503]
 Value_fitval [-12.45065516036006, -27.181590616976816, -11.179601825355043]
---------------------------------------------------------
[1.822, 10.718, 4.559, 3.636, 6.888, 3.563]
 Value_fitval [-14.221623366992182, -20.55183760415418, -12.028471371458293]
---------------------------------------------------------
[1.803, 10.658, 4.563, 2.793, 7.281, 3.39]
 Value_fitval [-12.400733814122002, -21.1558396237072, -13.11814885533604]
---------------------------------------------------------
[1.819, 10.876, 4.69, 2.804, 7.12, 2.727]
 Value_fitval [-12.565946560442399, -25.053425826086965, -12.56625030961624]
---------------------------------------------------------
[1.533, 10.908, 4.724, 2.798, 5.491, 3.179]
 Value_fitval [-12.737285134428639, -25.44039115293647, -9.143285600317952]
---------------------------------------------------------
[1.79, 11.23, 4.726, 3.138, 6.836, 3.309]
 Value_fitval [-12.843709787098893, -20.625481041755602, -11.742612204434135]
---------------------------------------------------------
[1.708, 10.911, 4.733, 2.638, 6.345, 3.859]
 Value_fitval [-12.495650324759325, -26.980136675760985, -10.248901483644921]
---------------------------------------------------------
[1.78, 11.018, 4.668, 3.357, 6.586, 4.176]
 Value_fitval [-13.47783254067872, -22.405829345542752, -11.162230039115801]
---------------------------------------------------------
[1.763, 10.822, 4.68, 3.152, 7.028, 3.95]
 Value_fitval [-13.253864691522647, -22.570995011708593, -12.34025160773987]
---------------------------------------------------------
[1.91, 10.86, 4.742, 3.082, 6.485, 3.448]
 Value_fitval [-12.688344397016447, -23.03876241465754, -11.082810255640762]
---------------------------------------------------------
[1.545, 10.865, 4.696, 2.805, 6.424, 3.037]
 Value_fitval [-12.83042532142508, -24.323940574744036, -10.300008944610898]
---------------------------------------------------------
[1.596, 11.276, 4.504, 3.431, 6.757, 2.698]
 Value_fitval [-13.290886123210857, -20.064287916704984, -11.28701798631157]
---------------------------------------------------------
[1.818, 10.643, 4.895, 2.962, 6.67, 3.567]
 Value_fitval [-12.817203089512093, -20.594537253974657, -11.161221514672919]
---------------------------------------------------------
[1.857, 10.664, 4.696, 2.835, 6.548, 3.612]
 Value_fitval [-12.696851771985724, -21.477865982636214, -10.836910516741867]
---------------------------------------------------------
[1.771, 10.868, 4.644, 3.216, 6.443, 3.305]
 Value_fitval [-13.106550160233583, -23.171986550904524, -10.865185994619333]
---------------------------------------------------------
[1.618, 10.956, 5.339, 2.978, 7.22, 4.471]
 Value_fitval [-13.205607035902121, -25.253707586200754, -13.01438025768578]
---------------------------------------------------------
[1.857, 10.664, 4.696, 2.835, 7.281, 3.612]
 Value_fitval [-12.776560099943852, -20.919516427074186, -13.360062204836971]
---------------------------------------------------------
[1.803, 10.658, 4.563, 2.793, 6.548, 3.39]
 Value_fitval [-12.605234217121087, -21.40461465896262, -10.702361790896717]
---------------------------------------------------------
[1.61, 10.911, 4.956, 3.049, 6.805, 3.289]
 Value_fitval [-13.17382102947809, -24.573057727842517, -11.443412541686026]
---------------------------------------------------------
[1.708, 10.688, 4.733, 2.638, 6.345, 3.859]
 Value_fitval [-12.504545686958577, -21.462496708511928, -10.151154858820215]
---------------------------------------------------------
[1.263, 10.461, 3.769, 4.545, 8.425, 2.344]
 Value_fitval [-16.38144186146105, -12.960159774733997, -17.053928590201675]
---------------------------------------------------------
[1.61, 10.911, 4.733, 2.638, 6.805, 3.859]
 Value_fitval [-12.407709410425628, -26.380314147443038, -11.035653618454717]
---------------------------------------------------------
[1.708, 10.688, 4.956, 3.049, 6.345, 3.289]
 Value_fitval [-13.078078907201107, -20.80182778144245, -10.494229662751236]
---------------------------------------------------------
[1.641, 11.23, 4.726, 3.138, 6.558, 3.309]
 Value_fitval [-13.11062173372596, -22.34057517864605, -10.891909707022986]
---------------------------------------------------------
[1.647, 10.868, 4.644, 3.216, 6.443, 3.305]
 Value_fitval [-13.391570660488345, -23.39132608160861, -10.666865598561415]
---------------------------------------------------------
[2.429, 10.601, 1.019, 2.717, 3.147, 0.632]
 Value_fitval [-7.5187907985325975, -25.453367483622912, -8.531922001838616]
---------------------------------------------------------
[1.563, 11.062, 4.554, 3.162, 6.693, 2.168]
 Value_fitval [-13.216032658805561, -26.497751699064786, -11.060933759734517]
---------------------------------------------------------
[1.639, 10.55, 4.626, 2.98, 7.364, 3.326]
 Value_fitval [-12.994236588216243, -17.848871283569427, -13.634152129471776]
---------------------------------------------------------
[1.563, 11.062, 4.956, 3.049, 6.345, 3.289]
 Value_fitval [-13.17507605409678, -26.782012210722215, -10.458057661693926]
---------------------------------------------------------
[1.708, 10.688, 4.554, 3.162, 6.693, 2.168]
 Value_fitval [-13.151512688428337, -20.685677630207433, -11.241254068172124]
---------------------------------------------------------
[1.777, 10.971, 4.521, 3.459, 6.254, 3.503]
 Value_fitval [-13.563450531101694, -22.46280838870237, -10.560263089829583]
---------------------------------------------------------
[1.219, 9.297, 3.091, 6.615, 8.144, 2.748]
 Value_fitval [-1.8931471988512532, -8.408890000510901, -22.286465849114272]
---------------------------------------------------------
[1.79, 10.718, 4.559, 3.636, 6.888, 3.563]
 Value_fitval [-14.251817935491617, -20.572787276332292, -11.98528783496423]
---------------------------------------------------------
[1.563, 11.062, 4.956, 3.049, 6.345, 3.289]
 Value_fitval [-13.175115736038403, -26.782008859651455, -10.458051279063142]
---------------------------------------------------------
[1.691, 10.087, 4.647, 3.069, 7.086, 4.093]
 Value_fitval [-13.054765859200483, -12.690879876345583, -12.227837411737612]
---------------------------------------------------------
[1.829, 10.796, 4.572, 3.466, 6.138, 3.152]
 Value_fitval [-13.487914461695746, -21.810277296688906, -10.465682348194028]
---------------------------------------------------------
[1.782, 10.82, 4.675, 2.84, 6.582, 3.013]
 Value_fitval [-12.467414088570276, -23.822265616172892, -10.87989361095617]
---------------------------------------------------------
[1.771, 10.344, 4.627, 3.01, 7.185, 3.345]
 Value_fitval [-12.892044723039639, -15.721502502086155, -12.733189459286606]
---------------------------------------------------------
[1.773, 10.749, 4.665, 3.138, 6.584, 4.082]
 Value_fitval [-12.893201611495947, -22.068196449517096, -11.101773071340983]
---------------------------------------------------------
[1.767, 10.785, 4.672, 3.088, 6.733, 3.861]
 Value_fitval [-13.027377685554127, -22.712353328688902, -11.408912247025622]
---------------------------------------------------------
[1.813, 10.64, 4.708, 3.068, 6.494, 3.444]
 Value_fitval [-12.841224214012426, -20.307098761100537, -10.836470812703505]
---------------------------------------------------------
[1.737, 10.758, 4.849, 3.045, 6.465, 3.315]
 Value_fitval [-13.150710851770832, -21.789203354584235, -10.83498631986668]
---------------------------------------------------------
[1.741, 10.858, 4.881, 3.001, 6.601, 3.63]
 Value_fitval [-13.033409343485031, -23.84331298779461, -11.10860510515657]
---------------------------------------------------------
[0.704, 10.58, 3.386, 5.404, 5.182, 2.967]
 Value_fitval [-20.448370214316306, -10.889122696896402, -8.836182671107569]
---------------------------------------------------------
[1.967, 3.926, 2.585, 5.373, 8.761, 0.445]
 Value_fitval [-16.87537373472082, -6.60454203662658, -21.596600257605708]
---------------------------------------------------------
[1.767, 10.785, 4.672, 3.03, 6.733, 3.861]
 Value_fitval [-12.956432111266952, -22.89862218636074, -11.372509568653829]
---------------------------------------------------------
[2.219, 10.948, 2.179, 4.166, 7.324, 1.379]
 Value_fitval [-11.273664066043068, -20.87160128045761, -14.654555516697677]
---------------------------------------------------------
[1.767, 10.785, 4.672, 3.03, 6.733, 3.861]
 Value_fitval [-12.956456355685415, -22.898612417242724, -11.372505887280775]
---------------------------------------------------------
[1.901, 9.606, 3.862, 5.616, 7.895, 2.654]
 Value_fitval [-12.356659707403931, -8.650564242853045, -20.2424853233323]
---------------------------------------------------------
[1.275, 3.863, 2.932, 5.988, 4.023, 1.447]
 Value_fitval [-21.82074041040037, -5.493225863218834, -7.809120799792083]
---------------------------------------------------------
[1.767, 10.785, 4.672, 3.03, 6.733, 3.861]
 Value_fitval [-12.956429398650176, -22.898617027809788, -11.372513339616434]
---------------------------------------------------------
[1.638, 10.954, 1.896, 5.077, 7.046, 1.231]
 Value_fitval [-12.525707859556523, -19.866826542137744, -12.61736208204858]
---------------------------------------------------------
[1.766, 10.858, 4.881, 2.984, 6.497, 3.63]
 Value_fitval [-12.992603196119813, -23.9173182974109, -10.910698165231283]
---------------------------------------------------------
[1.769, 10.827, 4.87, 3.069, 6.497, 3.491]
 Value_fitval [-12.887834510175802, -22.548265879094977, -10.9762624283697]
---------------------------------------------------------
[1.819, 10.777, 4.645, 3.279, 6.239, 3.281]
 Value_fitval [-13.064573579560687, -22.229180182012325, -10.600636855993912]
---------------------------------------------------------
[1.772, 10.706, 4.667, 3.093, 6.499, 3.741]
 Value_fitval [-13.076421245367357, -21.324968873556585, -10.880277056972021]
---------------------------------------------------------
[1.287, 6.514, 3.828, 6.128, 1.166, 0.421]
 Value_fitval [-20.71403695146428, -5.0861347353061435, -6.262623600027445]
---------------------------------------------------------
[1.168, 10.052, 2.165, 6.482, 1.854, 1.993]
 Value_fitval [-23.23947065670199, -9.139252280932881, -8.604257242796882]
---------------------------------------------------------
[1.769, 10.827, 4.87, 2.955, 6.497, 3.491]
 Value_fitval [-13.078753073570722, -22.99373936451047, -10.894278806681132]
---------------------------------------------------------
[1.72, 10.827, 4.87, 2.955, 6.497, 3.491]
 Value_fitval [-13.008748863946789, -22.93353489201566, -10.862186309279254]
---------------------------------------------------------
[1.71, 10.706, 4.667, 3.093, 6.499, 3.741]
 Value_fitval [-13.136136817235627, -21.073205550704863, -10.813753532106901]
---------------------------------------------------------
[1.72, 10.715, 4.676, 3.006, 6.5, 3.412]
 Value_fitval [-12.797719685148003, -21.406371545058605, -10.698123239989306]
---------------------------------------------------------
[1.75, 10.647, 4.748, 2.963, 6.589, 3.366]
 Value_fitval [-12.789887412146435, -20.215962862273997, -10.862637029366223]
---------------------------------------------------------
[1.715, 10.722, 4.772, 3.079, 6.497, 3.527]
 Value_fitval [-13.18039545077864, -21.2549190754061, -10.846598802111156]
---------------------------------------------------------
[1.764, 10.671, 4.836, 3.131, 6.461, 3.484]
 Value_fitval [-13.04701117597725, -20.309686967728705, -10.845427372840568]
---------------------------------------------------------
[1.751, 10.75, 4.768, 3.005, 6.496, 3.463]
 Value_fitval [-12.807705364061302, -22.054131117349453, -10.784338776076854]
---------------------------------------------------------
[1.764, 10.795, 4.706, 3.015, 6.494, 3.433]
 Value_fitval [-12.962217078186484, -23.087616305966275, -10.844371772024887]
---------------------------------------------------------
[1.756, 10.825, 4.715, 3.593, 6.498, 3.462]
 Value_fitval [-14.224374351191223, -21.029235965983997, -11.025750577491575]
---------------------------------------------------------
[1.72, 10.664, 4.816, 3.036, 6.495, 3.469]
 Value_fitval [-12.948923123466967, -20.170946664833455, -10.75624379797869]
---------------------------------------------------------
[1.725, 10.813, 4.65, 3.237, 6.278, 3.488]
 Value_fitval [-13.015726795813736, -22.39657775861756, -10.563347991548959]
---------------------------------------------------------
[1.809, 10.759, 4.756, 2.983, 6.554, 3.478]
 Value_fitval [-12.705812603278964, -22.451234858308826, -10.945615163042529]
---------------------------------------------------------
[1.723, 10.653, 4.784, 2.972, 6.5, 3.455]
 Value_fitval [-13.065628564186905, -20.21343701602092, -10.753778012998392]
---------------------------------------------------------
[1.722, 10.686, 4.856, 2.958, 6.514, 3.46]
 Value_fitval [-12.87048201029635, -20.567580144871208, -10.753524247183774]
---------------------------------------------------------
[1.728, 10.717, 4.69, 3.025, 6.513, 3.553]
 Value_fitval [-13.037439057512586, -21.4883281968666, -10.811549188785248]
---------------------------------------------------------
[1.754, 10.786, 4.788, 3.057, 6.494, 3.432]
 Value_fitval [-13.087543222016278, -22.530592949865, -10.894788698825394]
---------------------------------------------------------
[1.703, 10.8, 4.791, 3.095, 6.473, 3.412]
 Value_fitval [-13.329908020025577, -22.511806131157876, -10.79100902536669]
---------------------------------------------------------
[1.776, 10.736, 4.852, 3.001, 6.495, 3.434]
 Value_fitval [-13.068277485152226, -21.633516234071188, -10.897481619320136]
---------------------------------------------------------
[1.746, 10.695, 4.839, 2.967, 6.5, 3.478]
 Value_fitval [-13.064501989757193, -20.943968572561893, -10.821123209165913]
---------------------------------------------------------
[1.72, 10.827, 4.87, 2.955, 6.497, 3.491]
 Value_fitval [-13.008757619248998, -22.93353536789725, -10.862187930347671]
---------------------------------------------------------
[1.72, 10.664, 4.804, 3.036, 6.495, 3.246]
 Value_fitval [-12.937681098636375, -20.19608031170165, -10.748829662186596]
---------------------------------------------------------
[1.715, 10.827, 4.772, 3.079, 6.497, 3.527]
 Value_fitval [-13.092166124110866, -22.819202611475603, -10.89386332651662]
---------------------------------------------------------
[1.72, 10.722, 4.87, 2.955, 6.497, 3.491]
 Value_fitval [-12.865432764516795, -21.16642792304265, -10.746997439842916]
---------------------------------------------------------
[1.751, 10.75, 4.768, 3.005, 6.152, 3.463]
 Value_fitval [-12.836831278138895, -22.081189566461514, -10.19355221016533]
---------------------------------------------------------
[1.255, 5.386, 3.617, 5.562, 4.757, 2.416]
 Value_fitval [-20.98887390757215, -5.424336209311479, -7.27121865007589]
---------------------------------------------------------
[2.215, 9.98, 4.632, 6.664, 6.859, 3.437]
 Value_fitval [-0.146913065742711, -20.21519683856743, -12.179599812315882]
---------------------------------------------------------
[1.723, 10.653, 4.784, 2.939, 6.496, 3.455]
 Value_fitval [-12.822061678341106, -20.192114555541934, -10.651758416089983]
---------------------------------------------------------
[1.722, 10.686, 4.856, 3.003, 6.514, 3.46]
 Value_fitval [-12.920545326197272, -20.499238857806546, -10.795416606235786]
---------------------------------------------------------
[1.776, 10.736, 4.677, 3.001, 6.495, 3.451]
 Value_fitval [-12.726868439966063, -22.055136056166802, -10.75943113012328]
---------------------------------------------------------
[1.051, 8.482, 1.674, 6.107, 8.146, 0.371]
 Value_fitval [-16.755493728617882, -8.443305966610524, -21.31661971152682]
---------------------------------------------------------
[1.776, 10.736, 4.677, 2.972, 6.5, 3.451]
 Value_fitval [-12.693356895363259, -22.116736847710442, -10.741707780546598]
---------------------------------------------------------
[1.728, 10.825, 4.708, 3.085, 6.496, 3.418]
 Value_fitval [-13.043451677753586, -22.922651533557623, -10.88516026650857]
---------------------------------------------------------
[1.764, 10.671, 4.836, 3.131, 6.496, 3.484]
 Value_fitval [-13.268045351329558, -20.279846705649653, -10.94217784765531]
---------------------------------------------------------
[1.723, 10.653, 4.784, 2.939, 6.461, 3.455]
 Value_fitval [-12.829138306691041, -20.20745794566265, -10.585938589134901]
---------------------------------------------------------
[0.267, 11.228, 1.462, 3.26, 8.082, 0.842]
 Value_fitval [-9.287470833131689, -15.495642757726422, -21.015618903186603]
---------------------------------------------------------
[1.72, 10.717, 4.702, 2.973, 6.497, 3.463]
 Value_fitval [-12.77785775070458, -21.502450418970916, -10.666193066800991]
---------------------------------------------------------
[1.741, 10.716, 4.846, 2.958, 6.548, 3.469]
 Value_fitval [-12.827995025843155, -21.244273739336222, -10.851714344239198]
---------------------------------------------------------
[1.716, 10.775, 4.785, 3.047, 6.497, 3.519]
 Value_fitval [-13.116852600616864, -22.278479704272158, -10.851562043834573]
---------------------------------------------------------
[1.738, 10.734, 4.862, 2.962, 6.498, 3.471]
 Value_fitval [-12.841421474703624, -21.473453883840744, -10.776570209271629]
---------------------------------------------------------
[1.722, 10.658, 4.843, 2.956, 6.491, 3.5]
 Value_fitval [-12.879992822751126, -20.112433877316906, -10.685836659513384]
---------------------------------------------------------
[1.738, 10.7, 4.842, 2.96, 6.496, 3.486]
 Value_fitval [-13.062810176739477, -21.009168568253415, -10.797445846079285]
---------------------------------------------------------
[1.734, 10.764, 4.799, 3.0, 6.496, 3.469]
 Value_fitval [-12.830382129951232, -22.170885157488037, -10.783335604434349]
---------------------------------------------------------
[1.72, 10.688, 4.846, 3.008, 6.496, 3.449]
 Value_fitval [-12.924792154096886, -20.54892572115337, -10.760432007973657]
---------------------------------------------------------
[1.722, 10.727, 4.7, 3.076, 6.31, 3.491]
 Value_fitval [-12.902149743479583, -21.544634142893795, -10.43287443420507]
---------------------------------------------------------
[1.741, 10.731, 4.852, 2.976, 6.175, 3.466]
 Value_fitval [-12.87975646506412, -21.487603284483974, -10.223485967913051]
---------------------------------------------------------
[1.743, 10.718, 4.824, 2.976, 6.496, 3.483]
 Value_fitval [-12.841506320476386, -21.343340739668545, -10.761896149362109]
---------------------------------------------------------
[1.764, 10.754, 4.782, 2.971, 6.507, 3.483]
 Value_fitval [-12.761351830610796, -22.208671497097345, -10.798550687186081]
---------------------------------------------------------
[1.727, 10.744, 4.779, 3.001, 6.497, 3.439]
 Value_fitval [-12.840994281467857, -21.837168632592494, -10.756893647948457]
---------------------------------------------------------
[1.72, 10.696, 4.87, 2.947, 6.474, 3.467]
 Value_fitval [-12.877198652374911, -20.726683343303684, -10.682442544048527]
---------------------------------------------------------
[1.72, 10.687, 4.87, 2.959, 6.498, 3.468]
 Value_fitval [-13.104244693598229, -20.595693344528474, -10.798022655405049]
---------------------------------------------------------
[1.725, 10.718, 4.713, 2.993, 6.501, 3.504]
 Value_fitval [-13.01531663941901, -21.55312428358338, -10.768636025816079]
---------------------------------------------------------
[1.742, 10.785, 4.849, 2.992, 6.496, 3.433]
 Value_fitval [-12.836002004296175, -22.38932529228531, -10.823441054463458]
---------------------------------------------------------
[1.705, 10.784, 4.799, 3.086, 6.478, 3.433]
 Value_fitval [-13.183357948549677, -22.254291200218056, -10.835583743650785]
---------------------------------------------------------
[1.723, 10.684, 4.869, 2.99, 6.495, 3.451]
 Value_fitval [-13.14172907519371, -20.496186008506662, -10.815812895128648]
---------------------------------------------------------
[1.732, 10.717, 4.841, 2.961, 6.497, 3.488]
 Value_fitval [-13.06015563764218, -21.289208825476138, -10.8013154919412]
---------------------------------------------------------
[1.72, 10.722, 4.87, 2.955, 6.497, 3.491]
 Value_fitval [-12.86542851438558, -21.166428049017764, -10.746991459248989]
---------------------------------------------------------
[1.724, 10.71, 4.845, 2.955, 6.505, 3.405]
 Value_fitval [-12.855402941891661, -21.070163144802095, -10.741843320242069]
---------------------------------------------------------
[1.72, 10.717, 4.841, 2.961, 6.496, 3.488]
 Value_fitval [-13.071658699875226, -21.23698354017742, -10.785800466760731]
---------------------------------------------------------
[1.732, 10.688, 4.846, 3.008, 6.497, 3.449]
 Value_fitval [-12.913446591402648, -20.60321269377107, -10.776870375265801]
---------------------------------------------------------
[1.72, 10.687, 4.87, 2.959, 6.498, 3.468]
 Value_fitval [-13.10423134668267, -20.595685869548866, -10.798024741609648]
---------------------------------------------------------
[1.738, 10.734, 4.862, 2.962, 6.498, 3.471]
 Value_fitval [-12.84140938708315, -21.473464054846154, -10.776572493580902]
---------------------------------------------------------
[1.734, 10.722, 4.87, 2.955, 6.497, 3.491]
 Value_fitval [-12.851798399033632, -21.226144734479465, -10.763960452826126]
---------------------------------------------------------
[1.72, 10.717, 4.862, 2.962, 6.497, 3.471]
 Value_fitval [-12.866124977625148, -21.0975583252985, -10.740721242659601]
---------------------------------------------------------
[1.738, 10.734, 4.702, 2.973, 6.498, 3.463]
 Value_fitval [-12.749545752982876, -21.903838419605037, -10.701571974344944]
---------------------------------------------------------
[1.734, 10.718, 4.713, 3.0, 6.496, 3.504]
 Value_fitval [-12.798241048506558, -21.5161268119095, -10.713402357025195]
---------------------------------------------------------
[1.725, 10.764, 4.799, 2.993, 6.501, 3.469]
 Value_fitval [-12.829814754747924, -22.152134972300228, -10.775196878688254]
---------------------------------------------------------
[1.764, 10.754, 4.846, 2.958, 6.548, 3.469]
 Value_fitval [-13.009745740583874, -22.064947922836584, -10.961504051930284]
---------------------------------------------------------
[1.741, 10.716, 4.782, 2.971, 6.507, 3.483]
 Value_fitval [-12.803767682351168, -21.422173856394053, -10.746856188849577]
---------------------------------------------------------
[1.738, 10.734, 4.72, 2.956, 6.498, 3.53]
 Value_fitval [-12.742369363943665, -21.9151880254315, -10.693701213280795]
---------------------------------------------------------
[1.72, 10.718, 4.824, 2.976, 6.496, 3.483]
 Value_fitval [-12.864447572196763, -21.244198238110194, -10.734132040918084]
---------------------------------------------------------
[1.743, 10.687, 4.87, 2.959, 6.498, 3.468]
 Value_fitval [-13.082819462224528, -20.69809820495778, -10.824033242661894]
---------------------------------------------------------
[1.734, 10.718, 4.865, 2.961, 6.527, 3.472]
 Value_fitval [-13.07666126900821, -21.2156547815312, -10.878301099276035]
---------------------------------------------------------
[1.72, 10.718, 4.865, 2.961, 6.527, 3.472]
 Value_fitval [-13.09060776365621, -21.155568229210473, -10.861976154682742]
---------------------------------------------------------
[1.722, 10.744, 4.779, 3.001, 6.491, 3.439]
 Value_fitval [-12.848565216543243, -21.82100947558459, -10.739920401675288]
---------------------------------------------------------
[1.727, 10.658, 4.843, 2.956, 6.497, 3.5]
 Value_fitval [-12.878125132438427, -20.141545248563347, -10.703062258120447]
---------------------------------------------------------
[1.705, 10.784, 4.862, 2.962, 6.497, 3.471]
 Value_fitval [-13.069444348978529, -22.337304134513907, -10.818485609600494]
---------------------------------------------------------
[1.72, 10.717, 4.799, 3.086, 6.478, 3.433]
 Value_fitval [-13.20318030194347, -21.111914257857126, -10.82840832465844]
---------------------------------------------------------
[1.72, 10.718, 4.852, 2.976, 6.496, 3.466]
 Value_fitval [-13.09905852833481, -21.17910768230167, -10.807981684610544]
---------------------------------------------------------
[1.741, 10.731, 4.824, 2.976, 6.175, 3.483]
 Value_fitval [-12.867240995082778, -21.597021199786184, -10.208708787057347]
---------------------------------------------------------
[1.743, 10.687, 4.738, 2.972, 6.498, 3.484]
 Value_fitval [-12.792626655795022, -20.967503394645874, -10.700643752671237]
---------------------------------------------------------
[2.759, 9.851, 2.746, 7.451, 6.989, 2.41]
 Value_fitval [-3.6067130071576297, -24.58302146549487, -13.49892823698002]
---------------------------------------------------------
[1.719, 10.71, 4.863, 2.962, 6.498, 3.458]
 Value_fitval [-13.093149628728263, -21.02580406045446, -10.803609071129534]
---------------------------------------------------------
[1.742, 10.716, 4.851, 2.962, 6.541, 3.445]
 Value_fitval [-12.830731674562914, -21.217602317999923, -10.845962586383905]
---------------------------------------------------------
[1.725, 10.749, 4.85, 2.971, 6.498, 3.506]
 Value_fitval [-12.847514482583582, -21.720982952521016, -10.769092148355565]
---------------------------------------------------------
[1.731, 10.674, 4.86, 2.964, 6.499, 3.459]
 Value_fitval [-12.886324520716563, -20.377877643901243, -10.741111429949557]
---------------------------------------------------------
[1.725, 10.726, 4.78, 2.993, 6.494, 3.444]
 Value_fitval [-12.839936889400041, -21.50713351993258, -10.728762170515335]
---------------------------------------------------------
[1.736, 10.653, 4.843, 2.961, 6.497, 3.479]
 Value_fitval [-12.872302932791303, -20.08139675111732, -10.717093250881867]
---------------------------------------------------------
[1.734, 10.7, 4.868, 2.958, 6.499, 3.491]
 Value_fitval [-12.866032903207248, -20.847181088405463, -10.752790683441066]
---------------------------------------------------------
[1.725, 10.687, 4.865, 2.961, 6.513, 3.469]
 Value_fitval [-12.87895145746225, -20.566883739373605, -10.765325050043984]
---------------------------------------------------------
[1.723, 10.695, 4.815, 3.023, 6.492, 3.488]
 Value_fitval [-12.921820928481305, -20.770104316660763, -10.760326071365562]
---------------------------------------------------------
