[2.929, 12.668, 5.217, 2.484, 2.352, 0.661]
 Value_fitval [-13.978305823107585, -13.449512887791368, -13.880076736886561]
---------------------------------------------------------
[2.486, 11.78, 3.921, 2.95, 2.357, 0.69]
 Value_fitval [-13.746983945424185, -16.29004754240239, -16.38377421253683]
---------------------------------------------------------
[2.929, 12.668, 5.217, 2.484, 2.352, 0.661]
 Value_fitval [-13.978306160419159, -13.449510572052201, -13.880081087321868]
---------------------------------------------------------
[2.929, 12.668, 5.217, 2.484, 2.352, 0.661]
 Value_fitval [-13.978300052613887, -13.44951882746292, -13.88006758774274]
---------------------------------------------------------
[2.486, 11.78, 3.921, 2.95, 4.788, 0.69]
 Value_fitval [-13.382984742571518, -16.159814595832113, -16.982596452697553]
---------------------------------------------------------
[2.214, 11.456, 4.987, 2.652, 2.447, 0.764]
 Value_fitval [-14.375443781867826, -17.816323295507228, -16.46625971496204]
---------------------------------------------------------
[2.214, 11.456, 4.987, 2.652, 2.447, 0.764]
 Value_fitval [-14.37544106345931, -17.81632128135602, -16.466266012087306]
---------------------------------------------------------
[2.306, 11.67, 4.977, 2.998, 2.453, 1.772]
 Value_fitval [-16.160178058413003, -13.336842921847076, -15.704938332345863]
---------------------------------------------------------
[2.257, 11.77, 4.608, 2.952, 3.151, 0.831]
 Value_fitval [-14.30131532675955, -15.838432224172115, -17.334462151165766]
---------------------------------------------------------
[2.466, 11.552, 5.051, 2.623, 2.447, 0.676]
 Value_fitval [-14.01629438824334, -17.173199853571003, -15.818402265791324]
---------------------------------------------------------
[1.663, 10.185, 4.399, 3.026, 2.709, 1.798]
 Value_fitval [-15.641132352532669, -12.525492907617458, -15.004895399922288]
---------------------------------------------------------
[2.415, 11.769, 4.148, 2.85, 3.14, 0.757]
 Value_fitval [-13.751341657061236, -16.496205587486273, -17.097257103919553]
---------------------------------------------------------
[1.587, 12.458, 5.442, 2.877, 3.826, 0.391]
 Value_fitval [-15.01296195809812, -12.901958617492538, -19.952986448166055]
---------------------------------------------------------
[2.57, 11.769, 4.148, 3.586, 2.56, 0.757]
 Value_fitval [-14.593414682816652, -13.17080011692581, -15.938450209988595]
---------------------------------------------------------
[2.425, 11.769, 4.148, 3.586, 2.409, 0.757]
 Value_fitval [-14.697786887844273, -13.598171007618706, -16.38577339888136]
---------------------------------------------------------
[2.778, 11.475, 4.334, 2.952, 3.151, 1.363]
 Value_fitval [-13.885279752935062, -14.916957103177621, -14.843803275634732]
---------------------------------------------------------
[2.655, 11.906, 5.079, 3.368, 2.403, 0.879]
 Value_fitval [-15.455207682822623, -12.031808117999745, -15.087532705985678]
---------------------------------------------------------
[2.214, 11.456, 4.987, 2.652, 2.447, 0.764]
 Value_fitval [-14.375457367447153, -17.816319267205284, -16.46625780673947]
---------------------------------------------------------
[2.299, 11.557, 4.981, 2.654, 2.449, 1.725]
 Value_fitval [-14.81504319882421, -15.52148974356616, -15.677007512886291]
---------------------------------------------------------
[2.219, 11.585, 4.642, 2.723, 3.318, 0.768]
 Value_fitval [-14.0198552841211, -17.709551919151615, -17.522652925965282]
---------------------------------------------------------
[2.33, 11.47, 5.001, 2.632, 2.447, 0.717]
 Value_fitval [-14.138184116724641, -17.58495602002222, -16.23369218288162]
---------------------------------------------------------
[1.771, 10.696, 4.725, 2.674, 2.614, 1.541]
 Value_fitval [-14.680748625754358, -17.53677914198769, -15.762989304055354]
---------------------------------------------------------
[2.282, 12.418, 4.988, 2.788, 2.731, 0.779]
 Value_fitval [-14.608387773755254, -13.170022347556529, -17.38072110121046]
---------------------------------------------------------
[1.914, 11.47, 5.134, 2.74, 2.916, 0.668]
 Value_fitval [-14.646809655603882, -18.667058845852868, -17.218415077494583]
---------------------------------------------------------
[1.914, 11.47, 5.134, 2.74, 2.916, 0.668]
 Value_fitval [-14.646812590271914, -18.66706217639181, -17.21842006416874]
---------------------------------------------------------
[2.204, 11.474, 4.641, 2.895, 3.108, 1.339]
 Value_fitval [-14.538715642657547, -16.355931095273853, -16.76662023703561]
---------------------------------------------------------
[2.287, 11.73, 4.712, 2.896, 2.655, 0.75]
 Value_fitval [-14.379068461791014, -16.15923995912461, -16.786036502307606]
---------------------------------------------------------
[2.299, 10.696, 4.981, 2.654, 2.449, 1.725]
 Value_fitval [-14.884874491709425, -16.9429389115137, -14.935881366916473]
---------------------------------------------------------
[1.771, 11.557, 4.725, 2.674, 2.614, 1.541]
 Value_fitval [-14.86453750851264, -17.802660481955186, -16.69215478451049]
---------------------------------------------------------
[2.218, 11.848, 5.116, 2.828, 2.701, 0.814]
 Value_fitval [-14.600421570596126, -15.462913265912706, -16.887073405991593]
---------------------------------------------------------
[2.04, 11.475, 5.051, 3.548, 2.631, 0.87]
 Value_fitval [-16.505269958069807, -14.52155699904078, -16.72258908068338]
---------------------------------------------------------
[1.766, 11.475, 3.613, 3.79, 2.832, 0.731]
 Value_fitval [-14.689598250805657, -17.08770643381242, -17.68004106526628]
---------------------------------------------------------
[2.161, 11.484, 4.996, 3.927, 3.576, 0.679]
 Value_fitval [-17.576672023554426, -12.615883175777043, -17.781118643128238]
---------------------------------------------------------
[2.003, 11.467, 5.116, 2.71, 2.672, 0.723]
 Value_fitval [-14.540750646855392, -18.315205640528887, -16.982031631464217]
---------------------------------------------------------
[2.097, 11.05, 5.019, 2.712, 2.517, 1.165]
 Value_fitval [-14.618724211557506, -18.688099537789395, -16.137601990494236]
---------------------------------------------------------
[1.977, 11.503, 4.92, 2.736, 3.169, 0.69]
 Value_fitval [-14.299114890950094, -18.48928921315489, -17.642768789341]
---------------------------------------------------------
[2.15, 11.47, 5.08, 2.732, 2.668, 0.684]
 Value_fitval [-14.315253051236859, -17.753003123739916, -16.79627071104459]
---------------------------------------------------------
[2.086, 11.374, 5.111, 3.173, 2.884, 0.758]
 Value_fitval [-15.003422591476312, -16.828942707488682, -16.879788523561672]
---------------------------------------------------------
[1.816, 11.557, 4.891, 2.705, 2.615, 1.219]
 Value_fitval [-14.743136212809711, -17.924679505642885, -16.894820958094442]
---------------------------------------------------------
[1.982, 12.007, 4.993, 2.741, 2.804, 0.721]
 Value_fitval [-14.785824449602114, -15.487799336014785, -17.711124206110707]
---------------------------------------------------------
[1.914, 11.47, 5.134, 2.74, 2.916, 0.668]
 Value_fitval [-14.646812192083377, -18.667061573298582, -17.21843054688366]
---------------------------------------------------------
[2.08, 11.335, 4.019, 2.702, 2.817, 0.67]
 Value_fitval [-13.562956295347956, -20.034022846643, -17.54137917137678]
---------------------------------------------------------
[2.055, 11.471, 4.8, 2.798, 3.086, 1.055]
 Value_fitval [-14.454842595601606, -17.60169969369224, -17.2612867582909]
---------------------------------------------------------
[2.195, 11.693, 5.051, 2.774, 2.881, 0.729]
 Value_fitval [-14.405698917629442, -16.68296900640842, -16.998473981397492]
---------------------------------------------------------
[1.914, 11.47, 5.116, 2.71, 2.672, 0.723]
 Value_fitval [-14.67772847063401, -18.65415503526926, -17.014833649207212]
---------------------------------------------------------
[2.003, 11.467, 5.134, 2.74, 2.916, 0.668]
 Value_fitval [-14.51247134331513, -18.331747042965457, -17.177343336219426]
---------------------------------------------------------
[2.158, 11.505, 5.124, 2.779, 2.706, 0.681]
 Value_fitval [-14.544933502804787, -17.448348919462827, -16.7860809949872]
---------------------------------------------------------
[2.038, 11.474, 5.111, 3.0, 2.902, 0.801]
 Value_fitval [-14.778100384453726, -17.003640894418435, -16.942319186986524]
---------------------------------------------------------
[1.949, 11.47, 4.69, 3.439, 2.894, 0.693]
 Value_fitval [-15.211505042228552, -16.254998868114605, -17.348250305605923]
---------------------------------------------------------
[2.076, 11.471, 5.09, 2.93, 3.308, 0.672]
 Value_fitval [-14.34604774115556, -17.451818930947574, -17.440340183549207]
---------------------------------------------------------
[1.982, 11.469, 5.128, 2.724, 2.774, 0.699]
 Value_fitval [-14.569608513964889, -18.37347328512274, -17.07570867596163]
---------------------------------------------------------
[2.045, 11.066, 5.128, 2.738, 2.613, 0.758]
 Value_fitval [-14.389683262692149, -19.49322501500172, -16.424263719788797]
---------------------------------------------------------
[2.002, 11.498, 4.928, 2.738, 3.009, 0.669]
 Value_fitval [-14.324981840892743, -18.38637252706642, -17.443222965786]
---------------------------------------------------------
[2.099, 11.469, 5.119, 2.736, 2.828, 0.678]
 Value_fitval [-14.401129895990412, -17.90538916449723, -16.992464191734385]
---------------------------------------------------------
[2.084, 11.397, 5.119, 3.026, 2.902, 0.755]
 Value_fitval [-14.679353474066414, -17.35317508505957, -16.94997456639124]
---------------------------------------------------------
[1.843, 11.489, 5.05, 2.715, 2.792, 1.211]
 Value_fitval [-14.881774234806738, -18.098382982337288, -16.85368825319028]
---------------------------------------------------------
[1.999, 11.557, 5.126, 2.74, 2.805, 0.691]
 Value_fitval [-14.658189306444402, -17.787952960498348, -17.113867697613692]
---------------------------------------------------------
[2.003, 11.467, 5.134, 2.74, 2.916, 0.668]
 Value_fitval [-14.512472797878102, -18.33175128448276, -17.177357007434512]
---------------------------------------------------------
[2.026, 11.43, 4.409, 2.722, 2.855, 0.669]
 Value_fitval [-14.073183756645076, -19.334577515496125, -17.42391291705691]
---------------------------------------------------------
[2.028, 11.471, 4.921, 2.761, 3.007, 0.778]
 Value_fitval [-14.403218037204796, -18.171827419697763, -17.321217871826878]
---------------------------------------------------------
[2.037, 11.562, 5.083, 2.773, 2.914, 0.71]
 Value_fitval [-14.394747772831485, -17.53543907001988, -17.229028238012113]
---------------------------------------------------------
[2.135, 11.479, 5.125, 2.762, 2.912, 0.681]
 Value_fitval [-14.348482644352279, -17.676074934839733, -16.995503793552828]
---------------------------------------------------------
[2.011, 11.473, 5.122, 2.963, 2.913, 0.711]
 Value_fitval [-14.670316691106894, -17.414354056582443, -17.03128792945885]
---------------------------------------------------------
[1.996, 11.468, 5.048, 3.131, 2.905, 0.686]
 Value_fitval [-14.910868086341093, -16.928014372087155, -17.054616628211797]
---------------------------------------------------------
[2.022, 11.469, 5.128, 2.839, 3.22, 0.671]
 Value_fitval [-14.532231233874391, -17.919924078850332, -17.502211714904288]
---------------------------------------------------------
[1.984, 11.468, 5.132, 2.736, 2.81, 0.676]
 Value_fitval [-14.572078082634015, -18.34139625320599, -17.107979352444666]
---------------------------------------------------------
[2.033, 11.17, 5.13, 2.739, 2.635, 0.678]
 Value_fitval [-14.459647479841227, -19.601007907304197, -16.49581833737599]
---------------------------------------------------------
[2.003, 11.468, 4.985, 2.739, 2.985, 0.668]
 Value_fitval [-14.3760856899411, -18.494287687641457, -17.317148310467154]
---------------------------------------------------------
[2.053, 11.468, 5.12, 2.736, 2.854, 0.671]
 Value_fitval [-14.42863486945929, -18.137233303860654, -17.0887963547143]
---------------------------------------------------------
[2.023, 11.447, 5.122, 2.843, 2.912, 0.674]
 Value_fitval [-14.465204878659094, -18.1050547827314, -17.029846869412037]
---------------------------------------------------------
[1.859, 11.489, 5.102, 2.729, 2.818, 0.969]
 Value_fitval [-14.719034979479845, -18.366203897793696, -16.997209150765485]
---------------------------------------------------------
[1.999, 11.511, 5.13, 2.74, 2.814, 0.671]
 Value_fitval [-14.504462256436339, -18.053493365107286, -17.160862095837516]
---------------------------------------------------------
[2.003, 11.467, 5.134, 2.74, 2.916, 0.668]
 Value_fitval [-14.51247846342409, -18.331743242476396, -17.177342191548824]
---------------------------------------------------------
[2.012, 11.449, 4.566, 2.737, 2.895, 0.668]
 Value_fitval [-14.252909426609694, -19.017578347310845, -17.38531732283015]
---------------------------------------------------------
[2.028, 11.467, 5.082, 2.746, 2.999, 0.701]
 Value_fitval [-14.435842275169703, -18.243590067332292, -17.2329791327784]
---------------------------------------------------------
[2.017, 11.501, 5.112, 2.751, 2.915, 0.698]
 Value_fitval [-14.467334757170608, -18.0327978821733, -17.19227405689212]
---------------------------------------------------------
[2.124, 11.476, 5.132, 2.753, 2.913, 0.671]
 Value_fitval [-14.356875985707303, -17.768048070823518, -17.018632228458475]
---------------------------------------------------------
[2.005, 11.468, 5.133, 2.89, 2.913, 0.688]
 Value_fitval [-14.558197808406955, -17.787738932069068, -17.06012393750749]
---------------------------------------------------------
[2.0, 11.468, 5.052, 2.818, 2.915, 0.68]
 Value_fitval [-14.567685568344011, -18.091380933118067, -17.20514751960763]
---------------------------------------------------------
[2.006, 11.469, 5.134, 2.826, 3.16, 0.669]
 Value_fitval [-14.54575895221311, -18.04132234358925, -17.41174444118074]
---------------------------------------------------------
[1.999, 11.468, 5.133, 2.737, 2.852, 0.672]
 Value_fitval [-14.530119234854666, -18.31694180058547, -17.131118960616416]
---------------------------------------------------------
[2.027, 11.24, 5.131, 2.739, 2.754, 0.676]
 Value_fitval [-14.364015478977342, -19.44703893665919, -16.66220742464032]
---------------------------------------------------------
[2.003, 11.468, 5.031, 2.739, 2.941, 0.668]
 Value_fitval [-14.417047780518894, -18.441179741482518, -17.252058783963424]
---------------------------------------------------------
[2.013, 11.467, 5.134, 2.738, 2.866, 0.671]
 Value_fitval [-14.507735297506592, -18.278225553300356, -17.12167191488044]
---------------------------------------------------------
[2.021, 11.448, 5.133, 2.818, 2.913, 0.67]
 Value_fitval [-14.441290675487314, -18.202240355988028, -17.036849738316548]
---------------------------------------------------------
[2.001, 11.484, 5.117, 2.736, 2.824, 0.889]
 Value_fitval [-14.66363511775062, -17.83784803427588, -17.024907959418027]
---------------------------------------------------------
[2.002, 11.51, 5.133, 2.74, 2.912, 0.671]
 Value_fitval [-14.47020815179565, -18.09894181519049, -17.220747009049887]
---------------------------------------------------------
[2.003, 11.467, 5.134, 2.74, 2.916, 0.668]
 Value_fitval [-14.51246366423884, -18.331739550540323, -17.17736425596178]
---------------------------------------------------------
[2.011, 11.456, 4.788, 2.738, 2.9, 0.668]
 Value_fitval [-14.251667844739487, -18.735343280228864, -17.369195031657355]
---------------------------------------------------------
[2.02, 11.467, 5.097, 2.745, 2.983, 0.698]
 Value_fitval [-14.459051005466133, -18.26206753589, -17.221814222368575]
---------------------------------------------------------
[2.015, 11.484, 5.118, 2.746, 2.915, 0.697]
 Value_fitval [-14.485688256093274, -18.141827026458213, -17.180609792084958]
---------------------------------------------------------
[2.065, 11.467, 5.133, 2.752, 2.914, 0.671]
 Value_fitval [-14.42972052810237, -18.056539923067685, -17.10271925879536]
---------------------------------------------------------
[2.004, 11.468, 5.133, 2.753, 2.914, 0.683]
 Value_fitval [-14.538032260037282, -18.248805231739176, -17.166952644813037]
---------------------------------------------------------
[2.0, 11.468, 5.062, 2.79, 2.916, 0.672]
 Value_fitval [-14.521528330469259, -18.207745231486236, -17.2064663167952]
---------------------------------------------------------
[2.004, 11.469, 5.134, 2.77, 2.991, 0.669]
 Value_fitval [-14.53339016533313, -18.220783830696803, -17.235647925753256]
---------------------------------------------------------
[2.002, 11.467, 5.133, 2.738, 2.865, 0.669]
 Value_fitval [-14.526037805413996, -18.322112031120888, -17.137546552748674]
---------------------------------------------------------
[2.015, 11.321, 5.132, 2.739, 2.769, 0.676]
 Value_fitval [-14.510194885243665, -19.12496299321778, -16.848893354486695]
---------------------------------------------------------
[2.003, 11.467, 5.093, 2.739, 2.928, 0.668]
 Value_fitval [-14.467845088657834, -18.38499651146253, -17.21766431234965]
---------------------------------------------------------
[2.007, 11.467, 5.134, 2.74, 2.889, 0.67]
 Value_fitval [-14.511666193066679, -18.307915664672326, -17.14673587036744]
---------------------------------------------------------
[2.018, 11.465, 5.134, 2.795, 2.915, 0.669]
 Value_fitval [-14.568278221858195, -18.07019068811932, -17.152092459719647]
---------------------------------------------------------
[2.002, 11.471, 5.124, 2.736, 2.872, 0.774]
 Value_fitval [-14.581325362276008, -18.14072415597687, -17.105099902081097]
---------------------------------------------------------
[2.002, 11.484, 5.133, 2.74, 2.913, 0.67]
 Value_fitval [-14.498788545733978, -18.241652256614408, -17.196341926579993]
---------------------------------------------------------
[2.003, 11.467, 5.134, 2.74, 2.916, 0.668]
 Value_fitval [-14.512472006698882, -18.331739016474607, -17.17734208909001]
---------------------------------------------------------
[2.006, 11.466, 5.065, 2.739, 2.904, 0.668]
 Value_fitval [-14.449939685857947, -18.388749914890447, -17.20685685065223]
---------------------------------------------------------
[2.005, 11.467, 5.113, 2.742, 2.981, 0.68]
 Value_fitval [-14.484828942955794, -18.340044705086182, -17.234967173834228]
---------------------------------------------------------
[2.005, 11.47, 5.119, 2.743, 2.916, 0.689]
 Value_fitval [-14.506879856747425, -18.27846342632535, -17.17694941044059]
---------------------------------------------------------
[2.016, 11.467, 5.134, 2.743, 2.914, 0.671]
 Value_fitval [-14.49826442967385, -18.264987109144645, -17.163905560510706]
---------------------------------------------------------
[2.004, 11.467, 5.134, 2.745, 2.914, 0.681]
 Value_fitval [-14.526900112208443, -18.285841286061142, -17.168130279613244]
---------------------------------------------------------
[2.0, 11.468, 5.069, 2.744, 2.916, 0.67]
 Value_fitval [-14.46195180014324, -18.385946451904967, -17.21141942721573]
---------------------------------------------------------
[2.004, 11.468, 5.134, 2.75, 2.982, 0.669]
 Value_fitval [-14.509028686686632, -18.30175919794263, -17.2301087643391]
---------------------------------------------------------
[2.003, 11.467, 5.133, 2.739, 2.897, 0.669]
 Value_fitval [-14.516934151450302, -18.331845928866443, -17.162742199497163]
---------------------------------------------------------
[2.014, 11.381, 5.132, 2.739, 2.787, 0.673]
 Value_fitval [-14.432320106051, -18.87403318750851, -16.90778279036762]
---------------------------------------------------------
[2.003, 11.467, 5.097, 2.739, 2.917, 0.668]
 Value_fitval [-14.472776917671977, -18.380861181997513, -17.195448957598703]
---------------------------------------------------------
[2.004, 11.467, 5.134, 2.74, 2.906, 0.669]
 Value_fitval [-14.514337554556885, -18.32347300962817, -17.168119617705923]
---------------------------------------------------------
[2.007, 11.465, 5.134, 2.745, 2.915, 0.668]
 Value_fitval [-14.51517587388648, -18.307566887589974, -17.170108636582373]
---------------------------------------------------------
[2.003, 11.469, 5.126, 2.738, 2.914, 0.734]
 Value_fitval [-14.541155550837994, -18.228653237651514, -17.15178725464622]
---------------------------------------------------------
[2.002, 11.477, 5.134, 2.74, 2.914, 0.669]
 Value_fitval [-14.505328853223185, -18.278881897619105, -17.188809315173295]
---------------------------------------------------------
[2.003, 11.467, 5.134, 2.74, 2.916, 0.668]
 Value_fitval [-14.51247639689746, -18.33174431060837, -17.17734813860036]
---------------------------------------------------------
[2.003, 11.467, 5.115, 2.739, 2.915, 0.668]
 Value_fitval [-14.492121307754784, -18.360534860596623, -17.189529232641227]
---------------------------------------------------------
[2.004, 11.467, 5.133, 2.74, 2.942, 0.669]
 Value_fitval [-14.505591464680398, -18.338132998430666, -17.198035638910355]
---------------------------------------------------------
[2.004, 11.469, 5.123, 2.741, 2.916, 0.684]
 Value_fitval [-14.507300660936512, -18.302265328721084, -17.175781698427066]
---------------------------------------------------------
[2.004, 11.467, 5.134, 2.742, 2.914, 0.671]
 Value_fitval [-14.516187417831127, -18.314495537263905, -17.173239424741464]
---------------------------------------------------------
[2.003, 11.467, 5.134, 2.745, 2.915, 0.677]
 Value_fitval [-14.52552431010589, -18.296703131247327, -17.171474971595686]
---------------------------------------------------------
[2.003, 11.467, 5.072, 2.744, 2.916, 0.67]
 Value_fitval [-14.460338044316591, -18.377241172099108, -17.206708225295415]
---------------------------------------------------------
[2.003, 11.468, 5.134, 2.746, 2.968, 0.669]
 Value_fitval [-14.507827944623548, -18.316929343090283, -17.220133004084328]
---------------------------------------------------------
[2.003, 11.467, 5.133, 2.74, 2.898, 0.669]
 Value_fitval [-14.51795465816323, -18.328271977109264, -17.16315791522598]
---------------------------------------------------------
[2.004, 11.457, 5.133, 2.74, 2.841, 0.668]
 Value_fitval [-14.540692541587239, -18.34414973760542, -17.104368794947888]
---------------------------------------------------------
[2.003, 11.467, 5.106, 2.739, 2.916, 0.668]
 Value_fitval [-14.480238617359465, -18.371422486691287, -17.192179151299513]
---------------------------------------------------------
[2.004, 11.467, 5.134, 2.74, 2.911, 0.668]
 Value_fitval [-14.512344861023722, -18.326552550550524, -17.1725537900895]
---------------------------------------------------------
[2.004, 11.466, 5.134, 2.742, 2.916, 0.668]
 Value_fitval [-14.514614837575623, -18.325581900065433, -17.175000011875394]
---------------------------------------------------------
[2.003, 11.468, 5.128, 2.74, 2.916, 0.724]
 Value_fitval [-14.537021694109127, -18.237604147759928, -17.158659968022967]
---------------------------------------------------------
[2.002, 11.469, 5.134, 2.74, 2.915, 0.669]
 Value_fitval [-14.513025844194994, -18.32279875447991, -17.179365012794314]
---------------------------------------------------------
[2.003, 11.467, 5.134, 2.74, 2.916, 0.668]
 Value_fitval [-14.5124756654582, -18.33173848240893, -17.177350629682167]
---------------------------------------------------------
[2.003, 11.467, 5.119, 2.74, 2.916, 0.668]
 Value_fitval [-14.494984264451748, -18.349291012085796, -17.18625255773518]
---------------------------------------------------------
[2.003, 11.467, 5.133, 2.74, 2.933, 0.669]
 Value_fitval [-14.508830213467736, -18.33862551714239, -17.191502081734154]
---------------------------------------------------------
[2.004, 11.469, 5.13, 2.741, 2.916, 0.684]
 Value_fitval [-14.514395524966881, -18.293209373446672, -17.177644368519648]
---------------------------------------------------------
[2.003, 11.467, 5.134, 2.741, 2.915, 0.669]
 Value_fitval [-14.514746418920359, -18.325909004667853, -17.175927269776864]
---------------------------------------------------------
[2.003, 11.467, 5.134, 2.744, 2.916, 0.675]
 Value_fitval [-14.522607438881163, -18.304272539397836, -17.17340793032462]
---------------------------------------------------------
[2.003, 11.467, 5.099, 2.743, 2.916, 0.668]
 Value_fitval [-14.479986740104243, -18.36277281760011, -17.193530850428807]
---------------------------------------------------------
[2.003, 11.468, 5.134, 2.744, 2.947, 0.668]
 Value_fitval [-14.510182743192777, -18.320920164190035, -17.203179415664902]
---------------------------------------------------------
[2.003, 11.467, 5.133, 2.74, 2.9, 0.668]
 Value_fitval [-14.516633229663277, -18.33050789532811, -17.16517302995247]
---------------------------------------------------------
[2.003, 11.459, 5.133, 2.74, 2.9, 0.668]
 Value_fitval [-14.52432283697913, -18.373342780105798, -17.155101623705033]
---------------------------------------------------------
[2.003, 11.467, 5.113, 2.739, 2.916, 0.668]
 Value_fitval [-14.492653128929689, -18.36215265022337, -17.18766331902649]
---------------------------------------------------------
[2.004, 11.467, 5.134, 2.74, 2.912, 0.668]
 Value_fitval [-14.512063450106394, -18.326841409640192, -17.17336864047841]
---------------------------------------------------------
[2.003, 11.466, 5.134, 2.74, 2.916, 0.668]
 Value_fitval [-14.513448444675427, -18.337139853102716, -17.176131355596056]
---------------------------------------------------------
[2.003, 11.468, 5.131, 2.74, 2.916, 0.69]
 Value_fitval [-14.521644122805919, -18.297023148690535, -17.169530845401667]
---------------------------------------------------------
[2.002, 11.468, 5.134, 2.74, 2.916, 0.669]
 Value_fitval [-14.513751835365243, -18.328473466902032, -17.178913631056833]
---------------------------------------------------------
[2.003, 11.467, 5.134, 2.74, 2.916, 0.668]
 Value_fitval [-14.512487356552228, -18.33173950401552, -17.177335192865755]
---------------------------------------------------------
[2.003, 11.467, 5.131, 2.74, 2.916, 0.668]
 Value_fitval [-14.508029967616125, -18.339505124315078, -17.179351389860113]
---------------------------------------------------------
[2.003, 11.467, 5.133, 2.74, 2.93, 0.669]
 Value_fitval [-14.50961823160447, -18.337827851383672, -17.189002862076105]
---------------------------------------------------------
[2.004, 11.469, 5.131, 2.74, 2.916, 0.677]
 Value_fitval [-14.510453251632999, -18.309804431983505, -17.176407155768565]
---------------------------------------------------------
[2.003, 11.467, 5.134, 2.741, 2.916, 0.668]
 Value_fitval [-14.513887880536814, -18.32787805770343, -17.177174581380545]
---------------------------------------------------------
[2.003, 11.467, 5.134, 2.743, 2.916, 0.674]
 Value_fitval [-14.520510184460658, -18.30987344662402, -17.17404208201068]
---------------------------------------------------------
[2.003, 11.467, 5.12, 2.742, 2.916, 0.668]
 Value_fitval [-14.497992557261075, -18.34525275247895, -17.185389259695548]
---------------------------------------------------------
[2.003, 11.467, 5.134, 2.741, 2.92, 0.668]
 Value_fitval [-14.512725606042704, -18.32897807950054, -17.18038103110366]
---------------------------------------------------------
[2.003, 11.467, 5.134, 2.74, 2.901, 0.668]
 Value_fitval [-14.516776025460953, -18.327701353258668, -17.16529417808068]
---------------------------------------------------------
[2.003, 11.46, 5.134, 2.74, 2.909, 0.668]
 Value_fitval [-14.521174114510504, -18.36727829832982, -17.16322360935039]
---------------------------------------------------------
[2.003, 11.467, 5.134, 2.739, 2.916, 0.668]
 Value_fitval [-14.511122699705572, -18.335648093536694, -17.177570518662584]
---------------------------------------------------------
[2.003, 11.467, 5.134, 2.74, 2.913, 0.668]
 Value_fitval [-14.513314215123437, -18.330961267976008, -17.17495435662974]
---------------------------------------------------------
[2.003, 11.466, 5.134, 2.74, 2.916, 0.668]
 Value_fitval [-14.513443614629235, -18.337135577940572, -17.176130889112923]
---------------------------------------------------------
[2.003, 11.467, 5.133, 2.74, 2.916, 0.676]
 Value_fitval [-14.518138039391545, -18.322117279769813, -17.17433734312457]
---------------------------------------------------------
[2.003, 11.468, 5.134, 2.74, 2.916, 0.669]
 Value_fitval [-14.512168222440438, -18.324656377028617, -17.17814668478848]
---------------------------------------------------------
[2.003, 11.467, 5.134, 2.74, 2.916, 0.668]
 Value_fitval [-14.51247271164021, -18.331751253461604, -17.177354051155458]
---------------------------------------------------------
[2.003, 11.467, 5.133, 2.74, 2.916, 0.668]
 Value_fitval [-14.512912820308706, -18.335725617609477, -17.178142526690117]
---------------------------------------------------------
[2.003, 11.467, 5.133, 2.74, 2.916, 0.668]
 Value_fitval [-14.51288703370978, -18.335722962292987, -17.178131369494142]
---------------------------------------------------------
[2.004, 11.468, 5.133, 2.74, 2.916, 0.676]
 Value_fitval [-14.515609986518609, -18.312925007544145, -17.17480553369775]
---------------------------------------------------------
[2.003, 11.467, 5.134, 2.741, 2.916, 0.668]
 Value_fitval [-14.513867636437169, -18.3278801930092, -17.177163718243285]
---------------------------------------------------------
[2.003, 11.467, 5.134, 2.742, 2.916, 0.67]
 Value_fitval [-14.516552609643211, -18.32059694827541, -17.176055432858014]
---------------------------------------------------------
[2.003, 11.467, 5.129, 2.742, 2.916, 0.668]
 Value_fitval [-14.50326948649744, -18.327372573615072, -17.182906148890854]
---------------------------------------------------------
[2.003, 11.467, 5.134, 2.741, 2.917, 0.668]
 Value_fitval [-14.513562277435653, -18.328123886182503, -17.177982792510758]
---------------------------------------------------------
[2.003, 11.467, 5.134, 2.74, 2.916, 0.668]
 Value_fitval [-14.512480486831926, -18.331741686803497, -17.177343596514827]
---------------------------------------------------------
[2.003, 11.465, 5.134, 2.74, 2.914, 0.668]
 Value_fitval [-14.514929729840464, -18.341988714143522, -17.173235962965098]
---------------------------------------------------------
[2.003, 11.467, 5.134, 2.739, 2.916, 0.668]
 Value_fitval [-14.511084498493963, -18.33565563505075, -17.177564661301933]
---------------------------------------------------------
[2.003, 11.467, 5.134, 2.74, 2.915, 0.668]
 Value_fitval [-14.512780397757762, -18.331503232362415, -17.17654383631872]
---------------------------------------------------------
[2.003, 11.467, 5.134, 2.74, 2.916, 0.668]
 Value_fitval [-14.512476715342915, -18.331741152737653, -17.177368084066803]
---------------------------------------------------------
[2.003, 11.467, 5.133, 2.74, 2.916, 0.669]
 Value_fitval [-14.513529071219793, -18.334004263294666, -17.17764477015321]
---------------------------------------------------------
[2.003, 11.467, 5.134, 2.74, 2.916, 0.669]
 Value_fitval [-14.513140160536755, -18.330053772485027, -17.176885647213428]
---------------------------------------------------------
[2.003, 11.467, 5.134, 2.74, 2.916, 0.668]
 Value_fitval [-14.51246231253213, -18.331739535036633, -17.17734502446264]
---------------------------------------------------------
[2.003, 11.467, 5.133, 2.74, 2.916, 0.668]
 Value_fitval [-14.51291225892895, -18.335721343123485, -17.178123710319106]
---------------------------------------------------------
[2.003, 11.467, 5.134, 2.74, 2.916, 0.668]
 Value_fitval [-14.51247198020653, -18.331745990340703, -17.177349757859385]
---------------------------------------------------------
[2.004, 11.468, 5.133, 2.74, 2.916, 0.668]
 Value_fitval [-14.510361579982575, -18.32651100331767, -17.178546800950418]
---------------------------------------------------------
[2.003, 11.467, 5.134, 2.741, 2.916, 0.668]
 Value_fitval [-14.513862444203706, -18.327874320905757, -17.177160695112892]
---------------------------------------------------------
[2.003, 11.467, 5.134, 2.742, 2.916, 0.669]
 Value_fitval [-14.515863870188507, -18.322323458543973, -17.176535246020126]
---------------------------------------------------------
[2.003, 11.467, 5.131, 2.74, 2.916, 0.668]
 Value_fitval [-14.508017365764248, -18.339496557408093, -17.179354927858455]
---------------------------------------------------------
[2.003, 11.467, 5.134, 2.74, 2.916, 0.668]
 Value_fitval [-14.512474106468483, -18.331750216349928, -17.17735686003859]
---------------------------------------------------------
[2.003, 11.467, 5.134, 2.74, 2.916, 0.668]
 Value_fitval [-14.512471265387497, -18.331745959331418, -17.177348036151546]
---------------------------------------------------------
[2.003, 11.466, 5.134, 2.74, 2.914, 0.668]
 Value_fitval [-14.514009587526184, -18.33661086978067, -17.17445286509745]
---------------------------------------------------------
[2.003, 11.467, 5.134, 2.74, 2.916, 0.668]
 Value_fitval [-14.512478334070826, -18.331744829164787, -17.17733971195654]
---------------------------------------------------------
[2.003, 11.467, 5.134, 2.74, 2.916, 0.668]
 Value_fitval [-14.512466737532751, -18.331739535036633, -17.177352340945745]
---------------------------------------------------------
[2.003, 11.467, 5.134, 2.74, 2.916, 0.668]
 Value_fitval [-14.512474330368976, -18.331751818549225, -17.177354390897595]
---------------------------------------------------------
[2.003, 11.467, 5.134, 2.74, 2.916, 0.669]
 Value_fitval [-14.51314386277424, -18.330043642848118, -17.176876642934232]
---------------------------------------------------------
[2.003, 11.467, 5.134, 2.74, 2.916, 0.668]
 Value_fitval [-14.512468545351876, -18.331734194381003, -17.177336404445068]
---------------------------------------------------------
[2.003, 11.467, 5.134, 2.74, 2.916, 0.668]
 Value_fitval [-14.512482397509787, -18.33174269290084, -17.17734537569954]
---------------------------------------------------------
[2.003, 11.467, 5.133, 2.74, 2.916, 0.668]
 Value_fitval [-14.512906147681443, -18.33571925459602, -17.17812674829546]
---------------------------------------------------------
[2.003, 11.467, 5.134, 2.74, 2.916, 0.668]
 Value_fitval [-14.512474020230348, -18.331739016474607, -17.17735346261256]
---------------------------------------------------------
[2.003, 11.468, 5.133, 2.74, 2.916, 0.668]
 Value_fitval [-14.511923710756525, -18.330332952884433, -17.17937373557476]
---------------------------------------------------------
[2.003, 11.467, 5.134, 2.74, 2.916, 0.668]
 Value_fitval [-14.512479410452013, -18.331742220869373, -17.177348670687667]
---------------------------------------------------------
[2.003, 11.467, 5.134, 2.741, 2.916, 0.668]
 Value_fitval [-14.513861505511281, -18.3278807268377, -17.177168736894714]
---------------------------------------------------------
[2.003, 11.467, 5.133, 2.74, 2.916, 0.668]
 Value_fitval [-14.512897097882488, -18.33571389525924, -17.17814643519337]
---------------------------------------------------------
[2.003, 11.467, 5.134, 2.74, 2.916, 0.668]
 Value_fitval [-14.512469225361706, -18.331741686803497, -17.177334613741994]
---------------------------------------------------------
[2.003, 11.467, 5.134, 2.74, 2.916, 0.668]
 Value_fitval [-14.51244628115976, -18.331757159215687, -17.17733417154037]
---------------------------------------------------------
[2.003, 11.466, 5.134, 2.74, 2.916, 0.668]
 Value_fitval [-14.51343212239606, -18.337140377298176, -17.176125370212155]
---------------------------------------------------------
[2.003, 11.467, 5.134, 2.74, 2.916, 0.668]
 Value_fitval [-14.512458808072658, -18.33174388507785, -17.177345770858818]
---------------------------------------------------------
[2.003, 11.467, 5.134, 2.74, 2.916, 0.668]
 Value_fitval [-14.512458929107693, -18.33173848240893, -17.177331907319417]
---------------------------------------------------------
[2.003, 11.467, 5.134, 2.74, 2.916, 0.668]
 Value_fitval [-14.51247155890131, -18.331741671299802, -17.177352657689664]
---------------------------------------------------------
[2.003, 11.467, 5.134, 2.74, 2.916, 0.669]
 Value_fitval [-14.513139711783138, -18.330052704560917, -17.176886428716003]
---------------------------------------------------------
[2.003, 11.467, 5.134, 2.74, 2.916, 0.668]
 Value_fitval [-14.512457181037279, -18.331737414285485, -17.177331239334283]
---------------------------------------------------------
[2.003, 11.467, 5.134, 2.74, 2.916, 0.668]
 Value_fitval [-14.51245929067165, -18.331735796577348, -17.177337695465102]
---------------------------------------------------------
[2.003, 11.467, 5.133, 2.74, 2.916, 0.668]
 Value_fitval [-14.51289533330611, -18.335719270827596, -17.178137282611488]
---------------------------------------------------------
[2.003, 11.467, 5.134, 2.74, 2.916, 0.668]
 Value_fitval [-14.512479772016178, -18.331741671299802, -17.17734744761788]
---------------------------------------------------------
[2.003, 11.467, 5.134, 2.74, 2.916, 0.668]
 Value_fitval [-14.512455373219614, -18.33173474395791, -17.17733958651697]
---------------------------------------------------------
[2.003, 11.467, 5.134, 2.74, 2.916, 0.668]
 Value_fitval [-14.512480030718669, -18.331742174344555, -17.177339700460582]
---------------------------------------------------------
[2.003, 11.467, 5.134, 2.741, 2.916, 0.668]
 Value_fitval [-14.513879760562356, -18.32787220129756, -17.177167083172144]
---------------------------------------------------------
[2.003, 11.467, 5.134, 2.74, 2.916, 0.668]
 Value_fitval [-14.512479410452013, -18.33174489119924, -17.177345182324324]
---------------------------------------------------------
[2.003, 11.467, 5.134, 2.74, 2.916, 0.668]
 Value_fitval [-14.512474769860278, -18.331745943827716, -17.17735317827146]
---------------------------------------------------------
[2.003, 11.467, 5.134, 2.74, 2.916, 0.668]
 Value_fitval [-14.512469165617306, -18.331737948343285, -17.177341693959445]
---------------------------------------------------------
[2.003, 11.466, 5.134, 2.74, 2.916, 0.668]
 Value_fitval [-14.513419405060862, -18.33714199068715, -17.17611806765933]
---------------------------------------------------------
[2.003, 11.467, 5.134, 2.74, 2.916, 0.668]
 Value_fitval [-14.512479626037436, -18.331739488505903, -17.17734852432851]
---------------------------------------------------------
[2.003, 11.467, 5.134, 2.74, 2.916, 0.668]
 Value_fitval [-14.512459091709712, -18.331743807563498, -17.177356485793844]
---------------------------------------------------------
[2.003, 11.467, 5.134, 2.74, 2.916, 0.668]
 Value_fitval [-14.5124731428226, -18.331743776542368, -17.177342191548824]
---------------------------------------------------------
[2.003, 11.467, 5.134, 2.74, 2.916, 0.669]
 Value_fitval [-14.513145093729698, -18.330048951204496, -17.17688204549578]
---------------------------------------------------------
[2.003, 11.467, 5.134, 2.74, 2.916, 0.668]
 Value_fitval [-14.512483593347907, -18.33174589729696, -17.177351117872096]
---------------------------------------------------------
[2.003, 11.467, 5.134, 2.74, 2.916, 0.668]
 Value_fitval [-14.51247760263082, -18.331742220869373, -17.17734552206614]
---------------------------------------------------------
[2.003, 11.467, 5.133, 2.74, 2.916, 0.668]
 Value_fitval [-14.512894799024064, -18.335725132013394, -17.17814789834343]
---------------------------------------------------------
[2.003, 11.467, 5.134, 2.74, 2.916, 0.668]
 Value_fitval [-14.512456363361647, -18.331735796577348, -17.177338623741882]
---------------------------------------------------------
[2.003, 11.467, 5.134, 2.74, 2.916, 0.668]
 Value_fitval [-14.512477800033764, -18.331739535036633, -17.177337786406618]
---------------------------------------------------------
[2.003, 11.467, 5.134, 2.74, 2.916, 0.668]
 Value_fitval [-14.512459471453623, -18.331736880219903, -17.177338374948576]
---------------------------------------------------------
[2.003, 11.467, 5.134, 2.741, 2.916, 0.668]
 Value_fitval [-14.51386466563003, -18.327882328323405, -17.177168556035497]
---------------------------------------------------------
[2.003, 11.467, 5.134, 2.74, 2.916, 0.668]
 Value_fitval [-14.51247071473402, -18.33175129998647, -17.177339417169875]
---------------------------------------------------------
[2.003, 11.467, 5.134, 2.74, 2.916, 0.668]
 Value_fitval [-14.51247170487887, -18.331742174344555, -17.17734229399764]
---------------------------------------------------------
[2.003, 11.467, 5.134, 2.74, 2.916, 0.668]
 Value_fitval [-14.512474915832804, -18.331746980938885, -17.17736931969918]
---------------------------------------------------------
[2.003, 11.467, 5.134, 2.74, 2.916, 0.668]
 Value_fitval [-14.512469940177175, -18.331738954440198, -17.177353292224076]
---------------------------------------------------------
[2.003, 11.467, 5.134, 2.74, 2.916, 0.668]
 Value_fitval [-14.512462966049709, -18.331746477886043, -17.177340640240345]
---------------------------------------------------------
[2.003, 11.467, 5.134, 2.74, 2.916, 0.668]
 Value_fitval [-14.512472970351764, -18.33174487569554, -17.17732789732686]
---------------------------------------------------------
[2.003, 11.467, 5.134, 2.74, 2.916, 0.668]
 Value_fitval [-14.512471059671592, -18.331745425265314, -17.177348059152987]
---------------------------------------------------------
[2.003, 11.467, 5.134, 2.74, 2.916, 0.669]
 Value_fitval [-14.513151017110077, -18.330043611588227, -17.176888342835916]
---------------------------------------------------------
[2.003, 11.467, 5.134, 2.74, 2.916, 0.668]
 Value_fitval [-14.512470456023419, -18.331752306084926, -17.177348421892134]
---------------------------------------------------------
[2.003, 11.467, 5.134, 2.74, 2.916, 0.668]
 Value_fitval [-14.512480762161783, -18.331741671299802, -17.17734648484196]
---------------------------------------------------------
[2.003, 11.467, 5.133, 2.74, 2.916, 0.668]
 Value_fitval [-14.512895789268779, -18.335719205881272, -17.178127686812367]
---------------------------------------------------------
[2.003, 11.467, 5.134, 2.74, 2.916, 0.668]
 Value_fitval [-14.512463775412446, -18.33174544076704, -17.177353903759606]
---------------------------------------------------------
[2.003, 11.467, 5.134, 2.74, 2.916, 0.668]
 Value_fitval [-14.512473744905172, -18.331751818549225, -17.1773579702116]
---------------------------------------------------------
[2.003, 11.467, 5.134, 2.74, 2.916, 0.668]
 Value_fitval [-14.51248330141921, -18.33174696542145, -17.17734756155254]
---------------------------------------------------------
[2.003, 11.467, 5.134, 2.741, 2.916, 0.668]
 Value_fitval [-14.513863529129797, -18.32786950074795, -17.177169381881864]
---------------------------------------------------------
[2.003, 11.467, 5.134, 2.74, 2.916, 0.668]
 Value_fitval [-14.512471265387497, -18.331747011952217, -17.177335044434958]
---------------------------------------------------------
[2.003, 11.467, 5.134, 2.74, 2.916, 0.668]
 Value_fitval [-14.51247881667488, -18.33174537874048, -17.177362274998565]
---------------------------------------------------------
[2.003, 11.467, 5.134, 2.74, 2.916, 0.668]
 Value_fitval [-14.51247198020653, -18.331745990340703, -17.177349757859385]
---------------------------------------------------------
[2.003, 11.467, 5.134, 2.74, 2.916, 0.668]
 Value_fitval [-14.51247998760203, -18.331743776542368, -17.177346236043167]
---------------------------------------------------------
[2.003, 11.467, 5.134, 2.74, 2.916, 0.668]
 Value_fitval [-14.512492711971115, -18.33174537874048, -17.177362184058943]
---------------------------------------------------------
[2.003, 11.467, 5.134, 2.74, 2.916, 0.668]
 Value_fitval [-14.51246848560491, -18.33173848240893, -17.177365909724735]
---------------------------------------------------------
[2.003, 11.467, 5.134, 2.74, 2.916, 0.668]
 Value_fitval [-14.51247507168012, -18.331742158834935, -17.177360756094476]
---------------------------------------------------------
[2.003, 11.467, 5.134, 2.74, 2.916, 0.668]
 Value_fitval [-14.51246973289716, -18.331747546018416, -17.177363135339434]
---------------------------------------------------------
[2.003, 11.467, 5.134, 2.74, 2.916, 0.668]
 Value_fitval [-14.512469940177175, -18.33173581208884, -17.17733777491063]
---------------------------------------------------------
[2.003, 11.467, 5.134, 2.74, 2.916, 0.668]
 Value_fitval [-14.512471111103348, -18.33173950401552, -17.177353099876782]
---------------------------------------------------------
[2.003, 11.467, 5.133, 2.74, 2.916, 0.668]
 Value_fitval [-14.51291876983486, -18.33571120746516, -17.178158364693356]
---------------------------------------------------------
[2.003, 11.467, 5.134, 2.74, 2.916, 0.668]
 Value_fitval [-14.512458937423869, -18.331744357133203, -17.17734845534219]
---------------------------------------------------------
[2.003, 11.467, 5.134, 2.74, 2.916, 0.668]
 Value_fitval [-14.512472635278295, -18.331745363230855, -17.177364686654965]
---------------------------------------------------------
[2.003, 11.467, 5.134, 2.74, 2.916, 0.668]
 Value_fitval [-14.512453522285153, -18.33173527802336, -17.1773395980175]
---------------------------------------------------------
[2.003, 11.467, 5.134, 2.74, 2.916, 0.668]
 Value_fitval [-14.51247679326796, -18.331742220869373, -17.177346133601088]
---------------------------------------------------------
[2.003, 11.467, 5.134, 2.74, 2.916, 0.668]
 Value_fitval [-14.51247998760203, -18.331743776542368, -17.177346236043167]
---------------------------------------------------------
[2.003, 11.467, 5.134, 2.74, 2.916, 0.668]
 Value_fitval [-14.512461055374429, -18.331736880219903, -17.177355376669937]
---------------------------------------------------------
[2.003, 11.467, 5.134, 2.74, 2.916, 0.668]
 Value_fitval [-14.512456811157925, -18.33173848240893, -17.177330616301937]
---------------------------------------------------------
[2.003, 11.467, 5.134, 2.74, 2.916, 0.668]
 Value_fitval [-14.512480813590575, -18.331745912806582, -17.1773579702116]
---------------------------------------------------------
[2.003, 11.467, 5.134, 2.74, 2.916, 0.668]
 Value_fitval [-14.512472635278295, -18.331745363230855, -17.177364686654965]
---------------------------------------------------------
[2.003, 11.467, 5.134, 2.74, 2.916, 0.668]
 Value_fitval [-14.512472573977636, -18.331750216349928, -17.177353360172493]
---------------------------------------------------------
[2.003, 11.467, 5.134, 2.74, 2.916, 0.668]
 Value_fitval [-14.51246079667078, -18.331755588020865, -17.17735588576144]
---------------------------------------------------------
[2.003, 11.467, 5.134, 2.74, 2.916, 0.668]
 Value_fitval [-14.512467460660474, -18.331747515005087, -17.17735346261256]
---------------------------------------------------------
[2.003, 11.467, 5.134, 2.74, 2.916, 0.668]
 Value_fitval [-14.51247998760203, -18.331743776542368, -17.177346236043167]
---------------------------------------------------------
[2.003, 11.467, 5.134, 2.74, 2.916, 0.668]
 Value_fitval [-14.512454555542822, -18.331737963852806, -17.177335758417293]
---------------------------------------------------------
[2.003, 11.467, 5.134, 2.74, 2.916, 0.668]
 Value_fitval [-14.512473952185214, -18.331736880219903, -17.17734092353215]
---------------------------------------------------------
[2.003, 11.467, 5.134, 2.74, 2.916, 0.668]
 Value_fitval [-14.512476310660858, -18.331746446872717, -17.177369127350673]
---------------------------------------------------------
[2.003, 11.467, 5.134, 2.74, 2.916, 0.668]
 Value_fitval [-14.512455278670426, -18.331737948343285, -17.177338635242428]
---------------------------------------------------------
[2.003, 11.467, 5.134, 2.74, 2.916, 0.668]
 Value_fitval [-14.51246402580292, -18.331739550540323, -17.177349984705312]
---------------------------------------------------------
[2.003, 11.467, 5.134, 2.74, 2.916, 0.668]
 Value_fitval [-14.51246686688285, -18.331741152737653, -17.177330865097545]
---------------------------------------------------------
[2.003, 11.467, 5.134, 2.74, 2.916, 0.668]
 Value_fitval [-14.51245836027443, -18.331752917695514, -17.177348998927684]
---------------------------------------------------------
[2.003, 11.467, 5.134, 2.74, 2.916, 0.668]
 Value_fitval [-14.512453522285153, -18.33173527802336, -17.1773395980175]
---------------------------------------------------------
[2.003, 11.467, 5.134, 2.74, 2.916, 0.668]
 Value_fitval [-14.512466548434954, -18.33173848240893, -17.177344298994978]
---------------------------------------------------------
[2.003, 11.467, 5.134, 2.74, 2.916, 0.668]
 Value_fitval [-14.512479720586011, -18.331735796577348, -17.177353043424993]
---------------------------------------------------------
[2.003, 11.467, 5.134, 2.74, 2.916, 0.668]
 Value_fitval [-14.512457982081756, -18.33173527802336, -17.17733437645402]
---------------------------------------------------------
[2.003, 11.467, 5.134, 2.74, 2.916, 0.668]
 Value_fitval [-14.512463775412446, -18.33174544076704, -17.177353903759606]
---------------------------------------------------------
[2.003, 11.467, 5.134, 2.74, 2.916, 0.668]
 Value_fitval [-14.512456957138545, -18.331736864708407, -17.177337672467466]
---------------------------------------------------------
[2.003, 11.467, 5.134, 2.74, 2.916, 0.668]
 Value_fitval [-14.512471429550132, -18.331743776542368, -17.17734279157838]
---------------------------------------------------------
[2.003, 11.467, 5.134, 2.74, 2.916, 0.668]
 Value_fitval [-14.512466254928022, -18.33174858313759, -17.177342214550297]
---------------------------------------------------------
[2.003, 11.467, 5.134, 2.74, 2.916, 0.668]
 Value_fitval [-14.512458972223659, -18.331735262511867, -17.17733670969261]
---------------------------------------------------------
[2.003, 11.467, 5.134, 2.74, 2.916, 0.668]
 Value_fitval [-14.512478239524476, -18.331742220869373, -17.177346405394264]
---------------------------------------------------------
[2.003, 11.467, 5.134, 2.74, 2.916, 0.668]
 Value_fitval [-14.512462363964325, -18.33174060316815, -17.177349792358967]
---------------------------------------------------------
[2.003, 11.467, 5.134, 2.74, 2.916, 0.668]
 Value_fitval [-14.512477103401224, -18.331747546018416, -17.177335044434958]
---------------------------------------------------------
[2.003, 11.467, 5.134, 2.74, 2.916, 0.668]
 Value_fitval [-14.512465729195782, -18.33173896994981, -17.177362172561786]
---------------------------------------------------------
[2.003, 11.467, 5.134, 2.74, 2.916, 0.668]
 Value_fitval [-14.512478325759371, -18.331742754935277, -17.177344140101326]
---------------------------------------------------------
[2.003, 11.467, 5.134, 2.74, 2.916, 0.668]
 Value_fitval [-14.512483654675108, -18.331741075191633, -17.17736228649231]
---------------------------------------------------------
[2.003, 11.467, 5.134, 2.74, 2.916, 0.668]
 Value_fitval [-14.512472635278295, -18.331745363230855, -17.177364686654965]
---------------------------------------------------------
[2.003, 11.467, 5.134, 2.74, 2.916, 0.668]
 Value_fitval [-14.512485799122905, -18.331741090703225, -17.177346598776673]
---------------------------------------------------------
[2.003, 11.467, 5.134, 2.74, 2.916, 0.668]
 Value_fitval [-14.51248089982631, -18.33174164027868, -17.17734354006471]
---------------------------------------------------------
[2.003, 11.467, 5.134, 2.74, 2.916, 0.668]
 Value_fitval [-14.512479858251048, -18.33174061867184, -17.177347368170192]
---------------------------------------------------------
[2.003, 11.467, 5.134, 2.74, 2.916, 0.668]
 Value_fitval [-14.512481132036338, -18.33174427957934, -17.177353043424993]
---------------------------------------------------------
[2.003, 11.467, 5.134, 2.74, 2.916, 0.668]
 Value_fitval [-14.512490232447954, -18.331736818177692, -17.177349294751828]
---------------------------------------------------------
[2.003, 11.467, 5.134, 2.74, 2.916, 0.668]
 Value_fitval [-14.512477645747829, -18.331742754935277, -17.17734475163574]
---------------------------------------------------------
[2.003, 11.467, 5.134, 2.74, 2.916, 0.668]
 Value_fitval [-14.5124756389596, -18.331749651270222, -17.177357279228318]
---------------------------------------------------------
[2.003, 11.467, 5.134, 2.74, 2.916, 0.668]
 Value_fitval [-14.512467762476092, -18.33173900097092, -17.17736364442745]
---------------------------------------------------------
[2.003, 11.467, 5.134, 2.74, 2.916, 0.668]
 Value_fitval [-14.51247881667488, -18.331736346154354, -17.177358162557603]
---------------------------------------------------------
[2.003, 11.467, 5.134, 2.74, 2.916, 0.668]
 Value_fitval [-14.51247539844144, -18.331746477886043, -17.177358604743883]
---------------------------------------------------------
[2.003, 11.467, 5.134, 2.74, 2.916, 0.668]
 Value_fitval [-14.512469983294247, -18.33174861415092, -17.177360767595815]
---------------------------------------------------------
[2.003, 11.467, 5.134, 2.74, 2.916, 0.668]
 Value_fitval [-14.51246501594574, -18.331736330642862, -17.177351831843424]
---------------------------------------------------------
[2.003, 11.467, 5.134, 2.74, 2.916, 0.668]
 Value_fitval [-14.512471265387497, -18.331745959331418, -17.177348036151546]
---------------------------------------------------------
[2.003, 11.467, 5.134, 2.74, 2.916, 0.668]
 Value_fitval [-14.512464757245452, -18.331734209892495, -17.177335758417293]
---------------------------------------------------------
[2.003, 11.467, 5.134, 2.74, 2.916, 0.668]
 Value_fitval [-14.512462733840515, -18.331736864708407, -17.17734124027477]
---------------------------------------------------------
[2.003, 11.467, 5.134, 2.74, 2.916, 0.668]
 Value_fitval [-14.512479151743673, -18.331740038081257, -17.17734587330651]
---------------------------------------------------------
[2.003, 11.467, 5.134, 2.74, 2.916, 0.668]
 Value_fitval [-14.51246570427191, -18.331745943827716, -17.177361118838018]
---------------------------------------------------------
[2.003, 11.467, 5.134, 2.74, 2.916, 0.668]
 Value_fitval [-14.512466108952868, -18.33173581208884, -17.17733652884516]
---------------------------------------------------------
[2.003, 11.467, 5.134, 2.74, 2.916, 0.668]
 Value_fitval [-14.51245932391589, -18.331745943827716, -17.177357279228318]
---------------------------------------------------------
[2.003, 11.467, 5.134, 2.74, 2.916, 0.668]
 Value_fitval [-14.512472635278295, -18.331745363230855, -17.177364686654965]
---------------------------------------------------------
[2.003, 11.467, 5.134, 2.74, 2.916, 0.668]
 Value_fitval [-14.512461287586873, -18.331738466905247, -17.177331476630712]
---------------------------------------------------------
[2.003, 11.467, 5.134, 2.74, 2.916, 0.668]
 Value_fitval [-14.512480986061338, -18.33174113723396, -17.17734578235974]
---------------------------------------------------------
[2.003, 11.467, 5.134, 2.74, 2.916, 0.668]
 Value_fitval [-14.512455451133523, -18.331751253461604, -17.17735554601988]
---------------------------------------------------------
[2.003, 11.467, 5.134, 2.74, 2.916, 0.668]
 Value_fitval [-14.51247500206987, -18.331745959331418, -17.177342814583657]
---------------------------------------------------------
[2.003, 11.467, 5.134, 2.74, 2.916, 0.668]
 Value_fitval [-14.512472970351764, -18.331745425265314, -17.177349361670682]
---------------------------------------------------------
[2.003, 11.467, 5.134, 2.74, 2.916, 0.668]
 Value_fitval [-14.512455278670426, -18.33173474395791, -17.17733968896346]
---------------------------------------------------------
[2.003, 11.467, 5.134, 2.74, 2.916, 0.668]
 Value_fitval [-14.512473073203328, -18.331751237951966, -17.177347255270746]
---------------------------------------------------------
[2.003, 11.467, 5.134, 2.74, 2.916, 0.668]
 Value_fitval [-14.512467994691766, -18.331749148217224, -17.177344637677393]
---------------------------------------------------------
[2.003, 11.467, 5.134, 2.74, 2.916, 0.668]
 Value_fitval [-14.51246368086667, -18.331745425265314, -17.177346236043167]
---------------------------------------------------------
[2.003, 11.467, 5.134, 2.74, 2.916, 0.668]
 Value_fitval [-14.512474038419205, -18.331746477886043, -17.17735126422114]
---------------------------------------------------------
[2.003, 11.467, 5.134, 2.74, 2.916, 0.668]
 Value_fitval [-14.512479005770293, -18.33173472844642, -17.177358932988792]
---------------------------------------------------------
[2.003, 11.467, 5.134, 2.74, 2.916, 0.668]
 Value_fitval [-14.512465893364709, -18.33175023186144, -17.177347878304296]
---------------------------------------------------------
[2.003, 11.467, 5.134, 2.74, 2.916, 0.668]
 Value_fitval [-14.512459522886111, -18.331737398773985, -17.177331782921097]
---------------------------------------------------------
[2.003, 11.467, 5.134, 2.74, 2.916, 0.668]
 Value_fitval [-14.512457534285574, -18.331737414285485, -17.177335486624155]
---------------------------------------------------------
[2.003, 11.467, 5.134, 2.74, 2.916, 0.668]
 Value_fitval [-14.512457129605473, -18.33173527802336, -17.177336290503224]
---------------------------------------------------------
[2.003, 11.467, 5.134, 2.74, 2.916, 0.668]
 Value_fitval [-14.512474812977928, -18.331750765920034, -17.177351603961863]
---------------------------------------------------------
[2.003, 11.467, 5.134, 2.74, 2.916, 0.668]
 Value_fitval [-14.512479453569451, -18.33174061867184, -17.177340368447055]
---------------------------------------------------------
[2.003, 11.467, 5.134, 2.74, 2.916, 0.668]
 Value_fitval [-14.512473617102813, -18.33175290218597, -17.17736257919076]
---------------------------------------------------------
[2.003, 11.467, 5.134, 2.74, 2.916, 0.668]
 Value_fitval [-14.51247198020653, -18.331745990340703, -17.177349757859385]
---------------------------------------------------------
[2.003, 11.467, 5.134, 2.74, 2.916, 0.668]
 Value_fitval [-14.512476483133351, -18.331745409761616, -17.177339677465177]
---------------------------------------------------------
[2.003, 11.467, 5.134, 2.74, 2.916, 0.668]
 Value_fitval [-14.512455821016063, -18.331736346154354, -17.1773392582763]
---------------------------------------------------------
[2.003, 11.467, 5.134, 2.74, 2.916, 0.668]
 Value_fitval [-14.512467382736142, -18.331752855661094, -17.17735538816596]
---------------------------------------------------------
[2.003, 11.467, 5.134, 2.74, 2.916, 0.668]
 Value_fitval [-14.512477222875182, -18.331739535036633, -17.177345419616238]
---------------------------------------------------------
[2.003, 11.467, 5.134, 2.74, 2.916, 0.668]
 Value_fitval [-14.512468528720891, -18.33173790181849, -17.1773477319279]
---------------------------------------------------------
[2.003, 11.467, 5.134, 2.74, 2.916, 0.668]
 Value_fitval [-14.512464972829465, -18.33173736776069, -17.1773542445313]
---------------------------------------------------------
[2.003, 11.467, 5.134, 2.74, 2.916, 0.668]
 Value_fitval [-14.512474003614823, -18.331742739431583, -17.177340809582727]
---------------------------------------------------------
[2.003, 11.467, 5.134, 2.74, 2.916, 0.668]
 Value_fitval [-14.512481717500485, -18.331743761032747, -17.177349532062383]
---------------------------------------------------------
[2.003, 11.467, 5.134, 2.74, 2.916, 0.668]
 Value_fitval [-14.512459109889676, -18.331735796577348, -17.177333062438713]
---------------------------------------------------------
[2.003, 11.467, 5.134, 2.74, 2.916, 0.668]
 Value_fitval [-14.512468261706601, -18.33173896994981, -17.17735251133093]
---------------------------------------------------------
[2.003, 11.467, 5.134, 2.74, 2.916, 0.668]
 Value_fitval [-14.512477929388893, -18.331750719395174, -17.177358219005338]
---------------------------------------------------------
