[1.04, 16.833, 4.175, 12.511]
 Value_fitval [-5.929295289650309, -8.744997650692966, -10.449421779405428]
---------------------------------------------------------
[2.394, 10.52, 2.49, 13.034]
 Value_fitval [-0.2304156670835964, -12.788942978321076, -10.13386644182156]
---------------------------------------------------------
[2.959, 12.66, 2.553, 6.183]
 Value_fitval [-7.096073271903841, -17.793323397643665, -12.008406097890758]
---------------------------------------------------------
[3.76, 16.064, 3.232, 6.259]
 Value_fitval [-6.922860185711186, -8.932749370451324, -13.312277443583884]
---------------------------------------------------------
[3.712, 13.799, 3.491, 14.013]
 Value_fitval [-3.7373554999880856, -11.694546750702353, -13.43129878732534]
---------------------------------------------------------
[3.206, 10.853, 2.321, 6.151]
 Value_fitval [-9.164663544205565, -19.043673000680414, -11.154894825827439]
---------------------------------------------------------
[2.848, 13.908, 0.996, 13.741]
 Value_fitval [-1.824656135335244, -10.874053831680788, -13.831531829015605]
---------------------------------------------------------
[1.784, 18.28, 1.855, 11.861]
 Value_fitval [-12.50321036404354, -6.988117469326989, -14.549135770487727]
---------------------------------------------------------
[3.883, 13.167, 5.108, 7.711]
 Value_fitval [-1.1302110114200468, -10.088771833206875, -12.166034791766439]
---------------------------------------------------------
[2.345, 16.448, 1.155, 13.248]
 Value_fitval [-6.507979901610822, -9.214117412153163, -15.227584559541079]
---------------------------------------------------------
[1.689, 15.702, 4.14, 13.383]
 Value_fitval [-4.249524226933273, -9.64205568360995, -12.165061107988036]
---------------------------------------------------------
[3.395, 18.116, 1.15, 6.246]
 Value_fitval [-12.477070644996399, -8.931525549446397, -14.114545344565519]
---------------------------------------------------------
[1.242, 16.739, 2.846, 13.021]
 Value_fitval [-6.046862837462311, -9.00184264196685, -10.99504911779035]
---------------------------------------------------------
[3.794, 14.72, 4.085, 11.205]
 Value_fitval [-3.5812059042907185, -7.629237547742934, -13.452713113001511]
---------------------------------------------------------
[1.947, 13.895, 0.89, 5.779]
 Value_fitval [-9.666092787095806, -12.973222851540903, -12.148485837372311]
---------------------------------------------------------
[1.928, 11.986, 4.947, 10.529]
 Value_fitval [-1.5279150827460937, -6.539902407280207, -10.228659183200207]
---------------------------------------------------------
[3.904, 12.26, 5.44, 13.48]
 Value_fitval [-2.365998272522432, -13.10213549493104, -11.391981796635749]
---------------------------------------------------------
[3.7, 11.673, 3.355, 8.041]
 Value_fitval [-4.499395115278359, -23.949646922310855, -11.448295141476638]
---------------------------------------------------------
[3.983, 13.864, 6.086, 6.731]
 Value_fitval [-0.9028319672212757, -10.50380735584543, -12.425978917353424]
---------------------------------------------------------
[1.808, 11.74, 4.963, 14.45]
 Value_fitval [-2.6862402153977665, -15.754432682966652, -11.041526643631737]
---------------------------------------------------------
[0.44, 11.863, 3.399, 10.212]
 Value_fitval [-6.147325706829455, -11.872009146349177, -7.936490458371925]
---------------------------------------------------------
[1.826, 13.572, 5.294, 6.375]
 Value_fitval [-4.735820109816915, -11.116136188181889, -10.358865637548728]
---------------------------------------------------------
[3.995, 17.478, 5.177, 14.402]
 Value_fitval [-10.906939083856123, -10.247957875744671, -10.64429674970917]
---------------------------------------------------------
[1.494, 13.349, 4.159, 14.436]
 Value_fitval [-3.001179155413176, -11.428510992418591, -11.094430273300574]
---------------------------------------------------------
[2.78, 17.338, 4.781, 12.647]
 Value_fitval [-9.515099397892207, -9.105370688110447, -16.53072826561791]
---------------------------------------------------------
[2.993, 15.006, 3.754, 13.373]
 Value_fitval [-4.294630992985866, -10.280319899233337, -14.874283669800661]
---------------------------------------------------------
[3.034, 15.022, 3.008, 8.756]
 Value_fitval [-1.528617590419155, -4.696644350175094, -14.466379497602222]
---------------------------------------------------------
[3.762, 16.599, 4.884, 6.379]
 Value_fitval [-9.223304527448636, -7.141265328170563, -13.08163010690491]
---------------------------------------------------------
[3.865, 14.647, 4.041, 14.331]
 Value_fitval [-5.116920534830167, -11.451859608178928, -12.912547521866342]
---------------------------------------------------------
[3.55, 12.827, 3.493, 9.119]
 Value_fitval [-1.3454050023139432, -7.26790918882682, -12.55887726946378]
---------------------------------------------------------
[2.977, 15.188, 1.144, 13.928]
 Value_fitval [-4.655901810681068, -10.3597411060897, -15.716967495736894]
---------------------------------------------------------
[2.358, 18.14, 2.301, 13.813]
 Value_fitval [-11.685008415637569, -9.283435798561335, -17.734390256235386]
---------------------------------------------------------
[0.791, 17.466, 3.924, 14.552]
 Value_fitval [-7.496175760002659, -9.261182624312127, -10.646146121854178]
---------------------------------------------------------
[3.94, 16.925, 5.139, 11.918]
 Value_fitval [-10.032293037282294, -8.785676264256598, -11.814615740698226]
---------------------------------------------------------
[3.857, 16.528, 5.015, 13.762]
 Value_fitval [-8.184548707753915, -10.236820670350602, -12.255230393484096]
---------------------------------------------------------
[1.431, 15.356, 4.336, 13.889]
 Value_fitval [-4.068629899476387, -9.91700516794907, -11.491600739981841]
---------------------------------------------------------
[2.079, 16.949, 5.293, 11.15]
 Value_fitval [-7.311670885671511, -7.502162053473185, -14.136605716836097]
---------------------------------------------------------
[2.977, 16.488, 4.665, 13.573]
 Value_fitval [-7.24240869457501, -9.879933169160214, -15.804427297485574]
---------------------------------------------------------
[3.72, 17.699, 5.136, 8.646]
 Value_fitval [-12.733810887850247, -1.0522120303670255, -12.596225131589593]
---------------------------------------------------------
[1.732, 17.426, 3.08, 13.207]
 Value_fitval [-8.738279031692448, -9.100507127857151, -13.398743500165136]
---------------------------------------------------------
[3.835, 15.149, 4.546, 12.35]
 Value_fitval [-5.1135860282907055, -9.58213474007547, -13.351053938462718]
---------------------------------------------------------
[3.801, 17.099, 4.833, 7.434]
 Value_fitval [-10.438667927764772, -4.642491182335863, -12.907928829369578]
---------------------------------------------------------
[2.717, 16.353, 4.993, 12.723]
 Value_fitval [-6.596916704577622, -9.398989804716319, -15.812322371878963]
---------------------------------------------------------
[1.555, 14.056, 6.307, 6.991]
 Value_fitval [-3.5200777864021977, -8.232745938350082, -10.091660814643609]
---------------------------------------------------------
[3.928, 16.991, 5.373, 14.241]
 Value_fitval [-9.837558552768431, -10.366748721010213, -11.337949475563951]
---------------------------------------------------------
[3.796, 14.008, 5.091, 10.058]
 Value_fitval [-1.5326903495660262, -4.51520929828862, -13.045889263710356]
---------------------------------------------------------
[3.988, 16.419, 6.071, 7.801]
 Value_fitval [-8.59212563272191, -3.5693534915194554, -12.338021849261143]
---------------------------------------------------------
[2.17, 16.319, 4.967, 14.403]
 Value_fitval [-6.11166205185162, -9.948728025105627, -14.548817457507354]
---------------------------------------------------------
[2.592, 16.41, 4.105, 12.522]
 Value_fitval [-6.556219392104403, -9.042603963784847, -15.68830747115178]
---------------------------------------------------------
[2.991, 16.893, 5.292, 10.031]
 Value_fitval [-8.471188401232926, -4.439776976743412, -16.13816172789481]
---------------------------------------------------------
[2.745, 17.405, 5.214, 12.971]
 Value_fitval [-9.123768144054708, -8.78850530226487, -15.125001681355904]
---------------------------------------------------------
[3.995, 17.478, 5.177, 14.402]
 Value_fitval [-10.906952866680191, -10.247956937789533, -10.644299797773362]
---------------------------------------------------------
[1.431, 16.319, 4.967, 13.889]
 Value_fitval [-5.583763497951093, -9.558990293801983, -11.930335882147352]
---------------------------------------------------------
[2.17, 15.356, 4.336, 14.403]
 Value_fitval [-4.865241336313174, -10.37966488593576, -13.779814919488265]
---------------------------------------------------------
[2.164, 11.126, 6.292, 13.17]
 Value_fitval [-0.7598273409799909, -18.29923095189625, -10.698675271257754]
---------------------------------------------------------
[3.55, 17.426, 3.08, 13.207]
 Value_fitval [-10.573862339089557, -9.427531258107463, -13.50094735968693]
---------------------------------------------------------
[1.732, 12.827, 3.493, 9.119]
 Value_fitval [-3.85841940324236, -10.601853500911263, -9.905122472685573]
---------------------------------------------------------
[2.977, 16.488, 4.665, 13.762]
 Value_fitval [-7.212134640954728, -9.999468805311816, -15.754529083742222]
---------------------------------------------------------
[3.857, 16.528, 5.015, 13.573]
 Value_fitval [-8.182190894240115, -10.209510502276276, -12.16088616138167]
---------------------------------------------------------
[1.494, 13.349, 4.159, 12.35]
 Value_fitval [-0.49116609199318545, -9.775456746754386, -10.360964019901445]
---------------------------------------------------------
[3.835, 15.149, 4.546, 14.436]
 Value_fitval [-5.545727704516098, -11.1577057658853, -12.740441151304154]
---------------------------------------------------------
[0.956, 18.686, 4.876, 9.833]
 Value_fitval [-13.437969751301093, -3.7177354710792647, -10.584558794166174]
---------------------------------------------------------
[2.358, 18.14, 5.136, 13.813]
 Value_fitval [-12.23407181646202, -9.357308592662738, -17.26801486403496]
---------------------------------------------------------
[3.72, 17.699, 2.301, 8.646]
 Value_fitval [-12.625053626475484, -4.1764380361843765, -12.616153813839068]
---------------------------------------------------------
[3.988, 17.753, 4.271, 7.801]
 Value_fitval [-13.011332318230654, -3.694022945855147, -11.01674396269226]
---------------------------------------------------------
[3.7, 10.687, 5.423, 7.894]
 Value_fitval [-4.743905688220222, -19.0057240940074, -10.336146784396087]
---------------------------------------------------------
[2.346, 11.06, 1.827, 8.752]
 Value_fitval [-8.58899044014326, -16.02191733856283, -9.906468876154923]
---------------------------------------------------------
[2.985, 11.692, 6.205, 10.203]
 Value_fitval [-1.3057135602502155, -6.573553282036554, -11.433915699447429]
---------------------------------------------------------
[2.765, 10.177, 0.989, 10.75]
 Value_fitval [-8.349486794665365, -10.739999742344772, -9.352918453080724]
---------------------------------------------------------
[2.19, 12.61, 3.848, 7.449]
 Value_fitval [-5.45395118536947, -16.63046163352696, -10.7977149159188]
---------------------------------------------------------
[2.78, 17.338, 2.301, 12.647]
 Value_fitval [-9.950458566366695, -8.672940136315807, -17.39705814000732]
---------------------------------------------------------
[3.72, 17.699, 4.781, 8.646]
 Value_fitval [-12.64556059515554, -1.1184462354210454, -12.548910862159495]
---------------------------------------------------------
[3.198, 15.124, 5.761, 12.966]
 Value_fitval [-4.400696448738251, -9.647742210319974, -13.311126836407617]
---------------------------------------------------------
[2.977, 15.149, 4.546, 14.436]
 Value_fitval [-5.056018773767712, -10.81645178804408, -14.781320354157481]
---------------------------------------------------------
[3.835, 16.488, 4.665, 13.762]
 Value_fitval [-7.7478270906428195, -10.238154823510135, -12.491935366151994]
---------------------------------------------------------
[2.78, 17.338, 4.105, 12.647]
 Value_fitval [-9.69143531219541, -8.97873589356679, -17.111221134883014]
---------------------------------------------------------
[2.592, 16.41, 2.301, 12.522]
 Value_fitval [-6.662932182619529, -8.684945299754505, -15.810006758952559]
---------------------------------------------------------
[3.108, 10.464, 3.618, 13.407]
 Value_fitval [-0.8046671843207955, -20.621383944396854, -10.715558665130349]
---------------------------------------------------------
[3.332, 13.746, 2.088, 14.295]
 Value_fitval [-3.429931609149361, -11.637973410084186, -14.250488279988742]
---------------------------------------------------------
[1.732, 12.827, 3.493, 9.119]
 Value_fitval [-3.858422851846737, -10.601852553127316, -9.905119005666725]
---------------------------------------------------------
[2.993, 15.006, 3.754, 13.373]
 Value_fitval [-4.294630052208471, -10.280323189058445, -14.874278405785281]
---------------------------------------------------------
[3.72, 17.699, 4.781, 11.918]
 Value_fitval [-12.11757473047408, -8.485328648426734, -12.19953126348414]
---------------------------------------------------------
[3.94, 16.925, 5.139, 8.646]
 Value_fitval [-10.113829125275267, -1.2289075941292462, -12.168917574986311]
---------------------------------------------------------
[0.709, 15.917, 1.085, 15.476]
 Value_fitval [-4.837186330218877, -10.002036863695889, -9.309566504194912]
---------------------------------------------------------
[2.991, 16.893, 5.292, 12.647]
 Value_fitval [-8.466824768646733, -9.343437589513007, -15.73393961620342]
---------------------------------------------------------
[2.78, 17.338, 4.105, 10.031]
 Value_fitval [-9.65760675413801, -3.4998748783150213, -16.904062676565918]
---------------------------------------------------------
[1.131, 15.924, 5.698, 11.037]
 Value_fitval [-2.4817556303828066, -7.440132518478916, -10.211595992350155]
---------------------------------------------------------
[2.062, 15.242, 5.46, 7.224]
 Value_fitval [-0.7781580138761006, -5.655477483553101, -11.174469386180618]
---------------------------------------------------------
[0.791, 17.338, 3.924, 14.552]
 Value_fitval [-7.06617244499548, -9.277311655001398, -10.65075114986113]
---------------------------------------------------------
[2.78, 17.466, 4.105, 10.031]
 Value_fitval [-10.281250690217869, -3.531911624457054, -16.820435566574766]
---------------------------------------------------------
[2.319, 16.935, 5.116, 14.05]
 Value_fitval [-7.586879769410836, -9.779657907818265, -15.530600058484028]
---------------------------------------------------------
[3.019, 16.992, 5.191, 14.109]
 Value_fitval [-8.21848551638964, -9.350953857200537, -14.303605013579215]
---------------------------------------------------------
[1.785, 14.273, 3.973, 9.318]
 Value_fitval [-0.7283256585711066, -1.5609492582520885, -10.58694066804187]
---------------------------------------------------------
[3.523, 16.435, 3.871, 10.951]
 Value_fitval [-7.553684653416477, -6.469975585445543, -14.368488095971536]
---------------------------------------------------------
[3.974, 16.912, 4.907, 11.421]
 Value_fitval [-10.15303001381054, -8.022197891972214, -11.670235180800177]
---------------------------------------------------------
[0.747, 17.345, 5.575, 13.593]
 Value_fitval [-6.9207297535712975, -9.181674282630365, -10.26429888909452]
---------------------------------------------------------
[3.924, 17.022, 5.059, 14.355]
 Value_fitval [-9.739180044383724, -10.378561039630004, -11.406906303964263]
---------------------------------------------------------
[3.606, 17.465, 4.199, 13.499]
 Value_fitval [-11.075111089100655, -9.703279345786441, -13.029358840029339]
---------------------------------------------------------
[3.186, 16.125, 1.604, 14.15]
 Value_fitval [-6.688684320442894, -10.304593141454566, -16.409382467657498]
---------------------------------------------------------
[2.495, 17.57, 5.139, 14.234]
 Value_fitval [-10.253548191319336, -9.676480420346614, -16.52807447753193]
---------------------------------------------------------
[3.108, 17.468, 4.05, 14.539]
 Value_fitval [-10.279805346085437, -9.910022800615687, -15.461259362767088]
---------------------------------------------------------
[3.894, 17.671, 5.108, 12.697]
 Value_fitval [-11.964167486572872, -9.37497789282126, -11.267255143758659]
---------------------------------------------------------
[3.773, 15.21, 5.054, 14.432]
 Value_fitval [-5.573483015115456, -11.185413284847595, -12.77016621527248]
---------------------------------------------------------
[2.966, 16.635, 5.135, 14.257]
 Value_fitval [-7.448591457560564, -10.17433152961705, -15.536489283300089]
---------------------------------------------------------
[3.149, 17.121, 5.256, 14.09]
 Value_fitval [-9.26249056834149, -9.89077839218196, -14.94889770618444]
---------------------------------------------------------
[3.939, 16.89, 5.025, 13.936]
 Value_fitval [-9.61287371147211, -10.286361332150257, -11.524055897784127]
---------------------------------------------------------
[3.951, 17.006, 5.162, 10.741]
 Value_fitval [-10.609835832315866, -6.684473408312042, -11.853063865289942]
---------------------------------------------------------
[3.197, 15.88, 5.177, 14.058]
 Value_fitval [-6.1998699133503585, -10.518004022056013, -14.859671464373207]
---------------------------------------------------------
[3.87, 17.016, 4.797, 13.854]
 Value_fitval [-10.02442308130854, -10.108981508789157, -11.642360920199783]
---------------------------------------------------------
[3.914, 17.185, 4.923, 9.586]
 Value_fitval [-10.972986512806639, -2.7407416236139603, -11.991707466838395]
---------------------------------------------------------
[3.419, 16.857, 5.112, 13.119]
 Value_fitval [-8.664950867260973, -9.685697470985975, -14.552248046460983]
---------------------------------------------------------
[3.052, 17.43, 5.193, 8.807]
 Value_fitval [-9.928526109878295, -0.8655003145343629, -14.945469754791663]
---------------------------------------------------------
[3.95, 17.444, 5.301, 14.263]
 Value_fitval [-10.773366239206126, -10.186827559631627, -10.939380538321451]
---------------------------------------------------------
[3.919, 15.976, 5.12, 13.891]
 Value_fitval [-7.048098009778388, -10.687966491401365, -12.160211353108817]
---------------------------------------------------------
[3.994, 17.721, 4.798, 12.705]
 Value_fitval [-12.240503553827764, -9.33984484003891, -10.69762766070979]
---------------------------------------------------------
[3.082, 16.352, 5.15, 14.402]
 Value_fitval [-7.211145322739442, -10.352258161735842, -15.298957132556987]
---------------------------------------------------------
[3.819, 16.903, 4.403, 13.96]
 Value_fitval [-9.437408361574219, -10.147967563703478, -12.114281139592878]
---------------------------------------------------------
[2.826, 17.472, 5.046, 12.247]
 Value_fitval [-10.384736960426387, -8.781038696654823, -16.81346931190198]
---------------------------------------------------------
[2.776, 17.456, 5.184, 13.816]
 Value_fitval [-9.73445628587667, -9.077946989379127, -14.914043336874112]
---------------------------------------------------------
[3.995, 17.478, 5.177, 14.402]
 Value_fitval [-10.906939083856123, -10.247957875744671, -10.64429674970917]
---------------------------------------------------------
[2.449, 16.104, 5.593, 14.576]
 Value_fitval [-6.131182124023145, -10.259723039944857, -14.75017422781107]
---------------------------------------------------------
[3.108, 17.468, 4.797, 13.854]
 Value_fitval [-10.716683738709358, -9.710991999029726, -15.526586698502935]
---------------------------------------------------------
[3.87, 17.016, 4.05, 14.539]
 Value_fitval [-9.762670675962513, -10.331395627438562, -11.72508374255224]
---------------------------------------------------------
[3.95, 17.444, 5.301, 14.263]
 Value_fitval [-10.773337580680511, -10.186830178299779, -10.939373916572508]
---------------------------------------------------------
[3.924, 17.022, 5.059, 14.355]
 Value_fitval [-9.73918812786851, -10.378563693553549, -11.406897985260745]
---------------------------------------------------------
[3.894, 17.185, 4.923, 9.586]
 Value_fitval [-10.94078675341713, -2.737162994554438, -12.101489189482987]
---------------------------------------------------------
[3.914, 17.671, 5.108, 12.697]
 Value_fitval [-11.990689587647514, -9.379362091645337, -11.160558983080062]
---------------------------------------------------------
[2.426, 18.061, 0.992, 12.405]
 Value_fitval [-11.999466982746034, -7.600527899157264, -18.42578127789668]
---------------------------------------------------------
[3.95, 17.444, 5.059, 14.355]
 Value_fitval [-10.71425560840839, -10.209762472827252, -10.894703506268247]
---------------------------------------------------------
[3.924, 17.022, 5.301, 14.263]
 Value_fitval [-9.808281790815126, -10.342221259280501, -11.440986735010163]
---------------------------------------------------------
[2.826, 17.472, 5.139, 14.234]
 Value_fitval [-10.223714775782929, -9.800897433562083, -16.446260332997152]
---------------------------------------------------------
[2.495, 17.57, 5.046, 12.247]
 Value_fitval [-10.361496271501204, -8.733187957872095, -17.022424320988154]
---------------------------------------------------------
[3.419, 17.472, 5.139, 14.234]
 Value_fitval [-10.659957740236731, -9.987446057955868, -13.693163995224493]
---------------------------------------------------------
[2.826, 16.857, 5.112, 13.119]
 Value_fitval [-8.040331644904175, -9.52122121636965, -16.306927399132572]
---------------------------------------------------------
[2.319, 15.88, 5.116, 14.05]
 Value_fitval [-5.773996008135587, -10.162961552693542, -14.481863012794992]
---------------------------------------------------------
[3.197, 16.935, 5.177, 14.058]
 Value_fitval [-8.709482497808006, -10.05103664118906, -14.971347297434237]
---------------------------------------------------------
[1.069, 13.24, 2.928, 6.288]
 Value_fitval [-8.89831441411901, -13.08989983110944, -8.75467075503718]
---------------------------------------------------------
[3.019, 16.992, 5.191, 13.816]
 Value_fitval [-8.050066508594085, -9.331737424021858, -14.44036306819682]
---------------------------------------------------------
[2.776, 17.456, 5.184, 14.109]
 Value_fitval [-9.604415196094987, -9.146465865241263, -15.059450748102085]
---------------------------------------------------------
[3.939, 16.89, 5.025, 13.936]
 Value_fitval [-9.612885029085156, -10.286360140659681, -11.524054004259405]
---------------------------------------------------------
[0.747, 17.345, 5.575, 13.593]
 Value_fitval [-6.920716661504991, -9.181670831414294, -10.264279403325256]
---------------------------------------------------------
[3.766, 18.89, 6.789, 6.213]
 Value_fitval [-14.617874195561685, -5.7253897084962375, -10.769193827924227]
---------------------------------------------------------
[2.495, 17.57, 5.046, 14.355]
 Value_fitval [-9.967048103658534, -9.702311995800038, -16.5762535574927]
---------------------------------------------------------
[3.95, 17.444, 5.059, 12.247]
 Value_fitval [-11.39512321177474, -9.052661562668849, -11.408073768858081]
---------------------------------------------------------
[0.555, 12.977, 6.521, 15.352]
 Value_fitval [-4.652080019203214, -12.270054527367362, -10.095819558045191]
---------------------------------------------------------
[2.966, 16.635, 5.162, 14.257]
 Value_fitval [-7.477848283493907, -10.185634568436937, -15.54432983717948]
---------------------------------------------------------
[3.951, 17.006, 5.135, 10.741]
 Value_fitval [-10.568652513407164, -6.670211412688001, -11.856045403574038]
---------------------------------------------------------
[2.035, 15.704, 3.793, 10.739]
 Value_fitval [-3.223960077228432, -5.578917669231012, -12.85758456069972]
---------------------------------------------------------
[3.108, 17.016, 4.05, 14.539]
 Value_fitval [-8.915100041928742, -10.117014946292414, -15.508111067143952]
---------------------------------------------------------
[3.87, 17.468, 4.797, 13.854]
 Value_fitval [-11.527224421590743, -9.943253005881559, -11.436834223784034]
---------------------------------------------------------
[3.924, 16.89, 5.025, 13.936]
 Value_fitval [-9.596598666370575, -10.280435707871, -11.595421973946923]
---------------------------------------------------------
[3.939, 17.022, 5.301, 14.263]
 Value_fitval [-9.821237194877284, -10.34864892671705, -11.367954132867446]
---------------------------------------------------------
[3.419, 17.43, 5.193, 8.807]
 Value_fitval [-10.475126196684561, -0.9165545973267025, -13.557278741319717]
---------------------------------------------------------
[3.052, 17.472, 5.139, 14.234]
 Value_fitval [-10.290751965262801, -9.86628005697155, -15.498015624436487]
---------------------------------------------------------
[2.04, 14.095, 1.912, 7.908]
 Value_fitval [-4.531007812320137, -10.616017342146211, -11.290042443303117]
---------------------------------------------------------
[3.773, 17.721, 4.798, 12.705]
 Value_fitval [-11.952491660764217, -9.283886399251514, -11.857945823943659]
---------------------------------------------------------
[3.994, 15.21, 5.054, 14.432]
 Value_fitval [-5.750771960102952, -11.277143409247405, -12.004276001215446]
---------------------------------------------------------
[1.534, 18.98, 6.066, 11.511]
 Value_fitval [-14.916797592541975, -7.955016974233775, -13.651781155245315]
---------------------------------------------------------
[3.974, 16.935, 5.177, 11.421]
 Value_fitval [-10.283168141360129, -8.111731482057017, -11.767389808938011]
---------------------------------------------------------
[3.197, 16.912, 4.907, 14.058]
 Value_fitval [-8.613403144866517, -10.050810896169143, -15.111640191162731]
---------------------------------------------------------
[3.819, 16.903, 4.403, 13.96]
 Value_fitval [-9.437403364637317, -10.147968702888326, -12.114294137407091]
---------------------------------------------------------
[3.924, 16.89, 5.025, 13.936]
 Value_fitval [-9.596598666370575, -10.280435707871, -11.595421973946923]
---------------------------------------------------------
[3.501, 16.378, 5.169, 14.228]
 Value_fitval [-7.344192367687981, -10.510347514867238, -13.812790440822136]
---------------------------------------------------------
[3.666, 17.135, 5.179, 14.021]
 Value_fitval [-10.121293191386624, -10.170821646481736, -12.839920628746228]
---------------------------------------------------------
[2.28, 14.61, 4.544, 11.364]
 Value_fitval [-1.6899845510699465, -7.925570535301877, -12.831802454921547]
---------------------------------------------------------
[3.67, 16.582, 4.156, 12.833]
 Value_fitval [-8.4643636165092, -9.576854069254054, -13.490886483287333]
---------------------------------------------------------
[3.977, 17.469, 5.177, 14.367]
 Value_fitval [-10.873994297712066, -10.229446997811639, -10.75548271099567]
---------------------------------------------------------
[3.903, 16.995, 4.839, 14.145]
 Value_fitval [-9.902415699643175, -10.291180868858174, -11.621379418619146]
---------------------------------------------------------
[3.194, 17.568, 5.151, 14.39]
 Value_fitval [-10.517431061320984, -9.988696039121423, -14.663572787362053]
---------------------------------------------------------
[3.943, 17.465, 4.681, 13.835]
 Value_fitval [-11.582147244659506, -9.992597255287745, -11.229466739233843]
---------------------------------------------------------
[3.941, 16.431, 3.565, 14.36]
 Value_fitval [-7.736351906398865, -10.574008199685967, -12.02115715122674]
---------------------------------------------------------
[3.617, 17.458, 5.18, 10.944]
 Value_fitval [-11.695893799552293, -7.078510540956944, -13.255245453936716]
---------------------------------------------------------
[3.434, 17.096, 4.149, 14.454]
 Value_fitval [-9.685981592858733, -10.116153062667843, -13.825973760917812]
---------------------------------------------------------
[3.963, 17.473, 5.131, 11.65]
 Value_fitval [-11.778733194868058, -8.344700219818595, -11.159018364616887]
---------------------------------------------------------
[3.849, 17.575, 4.984, 13.784]
 Value_fitval [-11.857889975679335, -9.891790925696842, -11.456932627496116]
---------------------------------------------------------
[3.783, 17.367, 5.17, 14.345]
 Value_fitval [-10.4743518749713, -10.218080994848531, -11.861720177529671]
---------------------------------------------------------
[3.855, 17.385, 5.252, 14.283]
 Value_fitval [-10.409934840065693, -10.131658195017197, -11.426592341221175]
---------------------------------------------------------
[2.52, 17.444, 5.293, 13.722]
 Value_fitval [-9.7588291212806, -9.550534419087946, -16.29770184101073]
---------------------------------------------------------
[3.953, 17.04, 5.144, 13.901]
 Value_fitval [-10.176498590490556, -10.271662675443496, -11.335316422623675]
---------------------------------------------------------
[3.937, 17.371, 5.13, 14.265]
 Value_fitval [-10.676475670099254, -10.23861082454049, -11.11010451865292]
---------------------------------------------------------
[3.876, 17.473, 4.923, 14.201]
 Value_fitval [-10.806368520619024, -10.17462496105584, -11.17781548112925]
---------------------------------------------------------
[3.965, 17.617, 5.139, 13.238]
 Value_fitval [-12.398863540043761, -9.745689365954657, -10.872153178919248]
---------------------------------------------------------
[3.156, 17.274, 5.131, 13.662]
 Value_fitval [-10.115838042298686, -9.78769894784114, -15.347433964417402]
---------------------------------------------------------
[3.692, 17.472, 5.141, 14.366]
 Value_fitval [-10.649974486251718, -10.147213470941754, -12.230617599304281]
---------------------------------------------------------
[3.966, 17.39, 5.201, 14.384]
 Value_fitval [-9.993773914819947, -9.652234198871716, -10.198347914821744]
---------------------------------------------------------
[3.99, 16.976, 5.121, 14.051]
 Value_fitval [-9.992148606659336, -10.364915529597067, -11.307417669696369]
---------------------------------------------------------
[3.994, 15.489, 5.171, 14.43]
 Value_fitval [-6.535333219255838, -11.185672456712854, -12.009992027880628]
---------------------------------------------------------
[3.216, 16.967, 5.176, 14.402]
 Value_fitval [-8.988331452889506, -10.188787343052113, -14.843227147595059]
---------------------------------------------------------
[3.984, 17.321, 5.061, 13.985]
 Value_fitval [-10.870219352339817, -10.16605532468974, -10.83336341925449]
---------------------------------------------------------
[3.978, 17.477, 5.086, 12.572]
 Value_fitval [-11.420001879459864, -9.366950331039183, -11.116574293443541]
---------------------------------------------------------
[3.536, 17.46, 5.18, 14.189]
 Value_fitval [-10.653675455372335, -10.047809747268872, -13.140210304425334]
---------------------------------------------------------
[3.995, 17.478, 5.177, 14.402]
 Value_fitval [-10.9069363410582, -10.247963115262062, -10.644297732262327]
---------------------------------------------------------
[3.369, 19.04, 6.231, 7.717]
 Value_fitval [-15.126810841130357, -2.3151298988622355, -13.095807702857485]
---------------------------------------------------------
[1.541, 14.131, 0.793, 5.837]
 Value_fitval [-9.941585308062796, -12.044521411256552, -11.221636237234542]
---------------------------------------------------------
[2.957, 15.784, 5.446, 7.417]
 Value_fitval [-3.8661869151269097, -5.006272702031765, -14.012202991750257]
---------------------------------------------------------
[2.501, 16.929, 2.939, 12.514]
 Value_fitval [-8.149707613361128, -8.683756174806721, -16.108054769847307]
---------------------------------------------------------
[3.977, 17.274, 5.131, 14.367]
 Value_fitval [-10.48800262591903, -10.365304188227464, -10.868920854582388]
---------------------------------------------------------
[3.156, 17.469, 5.177, 13.662]
 Value_fitval [-10.915150223214145, -9.731327397959928, -15.567580691331973]
---------------------------------------------------------
[3.277, 15.237, 4.551, 10.868]
 Value_fitval [-4.030778727292327, -6.786328930853104, -15.017254916331765]
---------------------------------------------------------
[0.913, 11.264, 5.222, 6.445]
 Value_fitval [-9.01784002154267, -10.86233252620178, -7.908117493164081]
---------------------------------------------------------
[0.431, 12.29, 5.518, 8.466]
 Value_fitval [-7.486749240253192, -19.30813156774016, -7.7576004936928635]
---------------------------------------------------------
[2.133, 18.472, 6.696, 10.949]
 Value_fitval [-13.420694449001328, -7.260915833998447, -16.33145050300658]
---------------------------------------------------------
[3.484, 17.356, 4.536, 14.114]
 Value_fitval [-10.538717621836378, -9.971198932062862, -13.579616720974721]
---------------------------------------------------------
[2.029, 10.644, 6.626, 15.095]
 Value_fitval [-3.828585428922206, -13.1926533498142, -10.834759083493726]
---------------------------------------------------------
[3.156, 17.469, 4.681, 13.835]
 Value_fitval [-10.717249377753275, -9.708520646478982, -15.355957378163268]
---------------------------------------------------------
[3.943, 17.465, 5.177, 13.662]
 Value_fitval [-11.824096283553157, -9.99269319291091, -11.30112790297336]
---------------------------------------------------------
[1.502, 17.825, 5.333, 15.791]
 Value_fitval [-8.789416343393386, -9.435428079135216, -13.328637453572362]
---------------------------------------------------------
[2.047, 15.831, 1.185, 5.318]
 Value_fitval [-1.9918787936374402, -9.890984593958631, -13.773266443155332]
---------------------------------------------------------
[3.783, 17.04, 5.144, 14.345]
 Value_fitval [-9.832718221901125, -10.353201059561046, -11.973263011711053]
---------------------------------------------------------
[3.953, 17.367, 5.17, 13.901]
 Value_fitval [-11.302544555337885, -10.169593268454612, -10.993421201999976]
---------------------------------------------------------
[3.434, 17.096, 5.086, 14.454]
 Value_fitval [-9.583274269194247, -10.241010277878196, -13.66214255309872]
---------------------------------------------------------
[3.978, 17.477, 4.149, 12.572]
 Value_fitval [-11.426115708240987, -9.192996689645396, -11.143367496044993]
---------------------------------------------------------
[1.669, 17.392, 5.239, 6.324]
 Value_fitval [-9.069773175292921, -4.977122930625606, -11.711545691987213]
---------------------------------------------------------
[0.481, 19.149, 4.644, 5.955]
 Value_fitval [-13.290622277899217, -3.7315897323729685, -8.762488095179034]
---------------------------------------------------------
[3.245, 14.465, 2.974, 8.648]
 Value_fitval [-0.819738289282983, -6.270300164298082, -13.760320396315384]
---------------------------------------------------------
[0.757, 14.785, 5.72, 14.796]
 Value_fitval [-4.1242684904213815, -9.932847104918165, -10.244638736221578]
---------------------------------------------------------
[3.617, 17.472, 5.141, 10.944]
 Value_fitval [-11.768916611379172, -7.0730595692460385, -13.189832612746033]
---------------------------------------------------------
[3.692, 17.458, 5.18, 14.366]
 Value_fitval [-10.560058281743927, -10.14715205277948, -12.291214763493418]
---------------------------------------------------------
[2.368, 12.87, 3.686, 7.673]
 Value_fitval [-4.636089680341795, -14.34295811134136, -11.172330923161018]
---------------------------------------------------------
[3.984, 18.705, 2.576, 14.597]
 Value_fitval [-18.00026474453234, -9.842274154209674, -9.373709912761832]
---------------------------------------------------------
[3.984, 17.321, 4.544, 11.364]
 Value_fitval [-11.486873030099254, -7.715862421115851, -11.23355363990504]
---------------------------------------------------------
[2.28, 14.61, 5.061, 13.985]
 Value_fitval [-3.866812999170702, -10.726758810039751, -13.28887811936671]
---------------------------------------------------------
[3.536, 17.46, 5.18, 14.189]
 Value_fitval [-10.653657037304356, -10.047811721437208, -13.140176587387106]
---------------------------------------------------------
[3.855, 17.385, 5.252, 14.283]
 Value_fitval [-10.409934498939794, -10.13165022753605, -11.426569003072597]
---------------------------------------------------------
[3.991, 17.277, 5.174, 14.295]
 Value_fitval [-10.423680426680683, -10.321127532651019, -10.931180589357382]
---------------------------------------------------------
[3.82, 17.419, 5.177, 14.359]
 Value_fitval [-10.56252505587864, -10.20270651401887, -11.655715252206527]
---------------------------------------------------------
[3.992, 17.428, 4.851, 14.073]
 Value_fitval [-11.203052582600241, -10.191106650717213, -10.710975924849715]
---------------------------------------------------------
[3.68, 16.593, 4.888, 13.733]
 Value_fitval [-8.082776215563976, -10.120872352633386, -13.107761593936331]
---------------------------------------------------------
[3.991, 17.415, 5.142, 14.372]
 Value_fitval [-10.712161447705736, -10.268636672105139, -10.719161303559183]
---------------------------------------------------------
[3.916, 17.123, 5.086, 14.29]
 Value_fitval [-9.987403056370862, -10.287785912697771, -11.346018630650667]
---------------------------------------------------------
[3.493, 17.504, 5.168, 14.395]
 Value_fitval [-10.512927421086204, -10.088682832943157, -13.277190655667592]
---------------------------------------------------------
[3.614, 17.474, 4.688, 14.331]
 Value_fitval [-10.566314543867188, -10.044003017742494, -12.67248701327063]
---------------------------------------------------------
[3.944, 17.028, 4.404, 14.4]
 Value_fitval [-9.805291924234117, -10.336031342952483, -11.316339056892515]
---------------------------------------------------------
[3.643, 17.473, 5.169, 12.296]
 Value_fitval [-11.288156745737803, -9.07181962845338, -13.070095182212608]
---------------------------------------------------------
[3.95, 17.259, 5.136, 14.409]
 Value_fitval [-10.184898327746586, -10.342491500402385, -11.134110642536491]
---------------------------------------------------------
[3.972, 17.475, 5.175, 12.981]
 Value_fitval [-11.55868632497042, -9.635567331871252, -10.990807556427114]
---------------------------------------------------------
[3.941, 17.496, 5.023, 14.034]
 Value_fitval [-11.093946787812992, -10.084891781489485, -10.973229922938]
---------------------------------------------------------
[3.799, 17.34, 5.17, 14.353]
 Value_fitval [-10.559373384442353, -10.274314517094918, -11.671737378692326]
---------------------------------------------------------
[3.715, 17.47, 5.178, 14.352]
 Value_fitval [-10.803794551244527, -10.18150447166999, -12.01125289446731]
---------------------------------------------------------
[3.793, 17.456, 5.186, 14.373]
 Value_fitval [-10.078954262575742, -9.584923951340766, -11.005516134609284]
---------------------------------------------------------
[3.992, 17.394, 5.173, 14.368]
 Value_fitval [-10.690518668528641, -10.288569561737102, -10.740878628340479]
---------------------------------------------------------
[3.957, 17.403, 5.159, 14.276]
 Value_fitval [-10.816429407682026, -10.245190454689553, -10.969652357912786]
---------------------------------------------------------
[3.971, 17.476, 4.969, 14.235]
 Value_fitval [-10.836499988268338, -10.232624901854093, -10.710750728666126]
---------------------------------------------------------
[3.968, 17.551, 5.176, 13.743]
 Value_fitval [-12.008706415638468, -9.985032850971946, -11.059554798730476]
---------------------------------------------------------
[3.953, 17.467, 5.177, 13.958]
 Value_fitval [-11.426538685769643, -10.149711120411757, -10.932279267155128]
---------------------------------------------------------
[3.987, 17.459, 5.177, 14.401]
 Value_fitval [-10.821750727087148, -10.249756342383554, -10.697738727348455]
---------------------------------------------------------
[3.977, 17.436, 5.186, 14.385]
 Value_fitval [-10.1644797440351, -9.64780270418781, -10.1406425886601]
---------------------------------------------------------
[3.993, 17.361, 5.142, 14.234]
 Value_fitval [-10.780190593518677, -10.262946586849441, -10.861745931349787]
---------------------------------------------------------
[3.994, 16.082, 5.171, 14.411]
 Value_fitval [-7.093314669940225, -10.898149373930412, -11.688495086637342]
---------------------------------------------------------
[3.655, 17.2, 5.177, 14.402]
 Value_fitval [-9.927873093647715, -10.28078931044266, -12.549829133981165]
---------------------------------------------------------
[3.596, 17.057, 5.095, 14.262]
 Value_fitval [-9.78532280845551, -10.202830712682868, -12.91974995285359]
---------------------------------------------------------
[3.986, 17.478, 4.595, 14.229]
 Value_fitval [-10.964904097047068, -10.195449556918534, -10.61510899963616]
---------------------------------------------------------
[3.912, 17.426, 5.222, 14.32]
 Value_fitval [-10.127900290977717, -9.627619029828807, -10.482343864563601]
---------------------------------------------------------
[3.995, 17.478, 5.177, 14.402]
 Value_fitval [-10.906934733800233, -10.247957799865624, -10.644309922254028]
---------------------------------------------------------
[3.994, 16.082, 4.851, 14.073]
 Value_fitval [-7.150680741955917, -10.667510188687752, -11.818088999776176]
---------------------------------------------------------
[3.992, 17.428, 5.171, 14.411]
 Value_fitval [-10.778650093563424, -10.293185852042733, -10.679959986410738]
---------------------------------------------------------
[1.859, 13.655, 1.427, 5.899]
 Value_fitval [-9.280960855606322, -13.139700920801063, -11.388603259033282]
---------------------------------------------------------
[3.369, 17.38, 2.351, 15.659]
 Value_fitval [-9.682682813112146, -10.41778617346354, -14.033992910496805]
---------------------------------------------------------
[3.972, 17.476, 4.969, 14.235]
 Value_fitval [-10.837710944648013, -10.232971649185723, -10.705956278985791]
---------------------------------------------------------
[3.971, 17.475, 5.175, 12.981]
 Value_fitval [-11.557208538625517, -9.635315756328668, -10.995797075815183]
---------------------------------------------------------
[2.72, 18.942, 2.832, 13.453]
 Value_fitval [-16.41995452730692, -9.002075565212834, -17.881207458319953]
---------------------------------------------------------
[3.972, 17.476, 4.969, 14.402]
 Value_fitval [-10.811040370223232, -10.198434698126865, -10.704855650246042]
---------------------------------------------------------
[3.995, 17.478, 5.177, 14.235]
 Value_fitval [-10.95668916861889, -10.243434296707392, -10.608311553344434]
---------------------------------------------------------
[3.941, 17.475, 5.175, 14.034]
 Value_fitval [-11.294017335165105, -10.183177154299877, -10.865140236133461]
---------------------------------------------------------
[3.971, 17.496, 5.023, 12.981]
 Value_fitval [-11.43336366852079, -9.56426247137585, -10.894343276106333]
---------------------------------------------------------
[3.977, 17.436, 5.186, 14.385]
 Value_fitval [-10.1644909746866, -9.647801413185434, -10.14065669188355]
---------------------------------------------------------
[3.972, 17.476, 4.969, 14.402]
 Value_fitval [-10.81103292995288, -10.198434672974779, -10.704858720236007]
---------------------------------------------------------
[2.553, 15.654, 0.905, 11.07]
 Value_fitval [-2.69933547627411, -1.426302289343801, -14.274858244674387]
---------------------------------------------------------
[3.994, 16.082, 4.595, 14.229]
 Value_fitval [-7.0730268149647255, -10.678023622561959, -11.833582712605352]
---------------------------------------------------------
[3.986, 17.478, 4.851, 14.073]
 Value_fitval [-11.290352159177493, -10.141650958484492, -10.626169939477775]
---------------------------------------------------------
[1.836, 16.601, 3.974, 13.897]
 Value_fitval [-6.573029411394335, -9.596864660000254, -13.603380273833224]
---------------------------------------------------------
[3.944, 17.028, 4.404, 14.235]
 Value_fitval [-10.002901111531797, -10.310394381096767, -11.458218376419973]
---------------------------------------------------------
[3.995, 17.478, 5.177, 14.4]
 Value_fitval [-10.908047320585938, -10.247137619945338, -10.645226628615168]
---------------------------------------------------------
[3.987, 17.459, 5.177, 13.733]
 Value_fitval [-11.762544038113552, -9.998377465219825, -10.951076883538649]
---------------------------------------------------------
[3.68, 16.593, 4.888, 14.401]
 Value_fitval [-8.184246415595206, -10.490583366724206, -12.748637877908946]
---------------------------------------------------------
[3.916, 17.551, 5.176, 14.29]
 Value_fitval [-11.236044984077147, -10.150090915352141, -11.020818201352006]
---------------------------------------------------------
[3.968, 17.123, 5.086, 13.743]
 Value_fitval [-10.517575112577358, -10.102959188803286, -11.28412892418731]
---------------------------------------------------------
[3.82, 17.2, 5.177, 14.402]
 Value_fitval [-9.959546827244427, -10.323609268387205, -11.69648442993368]
---------------------------------------------------------
[3.655, 17.419, 5.177, 14.359]
 Value_fitval [-10.381711116620306, -10.13676638619115, -12.515653654590462]
---------------------------------------------------------
[1.857, 11.998, 3.531, 13.265]
 Value_fitval [-0.7419256657559731, -13.45165572797181, -10.567981222516442]
---------------------------------------------------------
[3.874, 10.768, 0.941, 9.117]
 Value_fitval [-8.772401213681684, -20.53578271789926, -10.339428262201505]
---------------------------------------------------------
[1.054, 17.866, 4.595, 7.722]
 Value_fitval [-9.726268027942545, -2.121536048768627, -10.146330050690036]
---------------------------------------------------------
[2.096, 16.277, 3.415, 14.355]
 Value_fitval [-6.1103068921140125, -9.898761628850819, -14.371685309773401]
---------------------------------------------------------
[3.294, 17.291, 2.43, 13.344]
 Value_fitval [-10.140826211713897, -9.454929731761982, -15.409643361924728]
---------------------------------------------------------
[3.977, 17.436, 5.222, 14.385]
 Value_fitval [-10.198371474233657, -9.667101184699849, -10.134296484166468]
---------------------------------------------------------
[3.912, 17.426, 5.186, 14.32]
 Value_fitval [-10.100808380737568, -9.608715791568898, -10.481332740081143]
---------------------------------------------------------
[3.968, 17.123, 5.086, 14.385]
 Value_fitval [-9.954074096177841, -10.393241771235521, -11.05663856349803]
---------------------------------------------------------
[3.977, 17.436, 5.222, 13.743]
 Value_fitval [-10.998659446111612, -9.454961151206936, -10.359870131244179]
---------------------------------------------------------
[3.994, 17.369, 5.175, 14.366]
 Value_fitval [-10.6171356269015, -10.297568732044303, -10.747549611668674]
---------------------------------------------------------
[3.94, 17.336, 5.177, 14.401]
 Value_fitval [-10.365337489434117, -10.30681059330361, -11.145955116542009]
---------------------------------------------------------
[3.994, 16.293, 5.057, 14.32]
 Value_fitval [-7.560796767683536, -10.73900506242837, -11.627007735437804]
---------------------------------------------------------
[3.993, 17.477, 5.177, 14.314]
 Value_fitval [-10.980826067075665, -10.217284365397486, -10.711512048384844]
---------------------------------------------------------
[3.995, 17.445, 5.15, 14.399]
 Value_fitval [-10.823803520509385, -10.272870136973287, -10.647888789061062]
---------------------------------------------------------
[3.96, 17.539, 5.176, 14.397]
 Value_fitval [-11.109814205973542, -10.212283666583769, -10.757148883742666]
---------------------------------------------------------
[3.605, 17.485, 5.175, 14.397]
 Value_fitval [-10.58622914414364, -10.142960763230205, -12.67229408803151]
---------------------------------------------------------
[3.938, 17.477, 5.078, 14.342]
 Value_fitval [-10.864395339393702, -10.192267278927826, -10.921996704214026]
---------------------------------------------------------
[3.976, 17.056, 4.945, 14.372]
 Value_fitval [-9.837761843130686, -10.370714053834627, -11.097152109152406]
---------------------------------------------------------
[3.723, 17.475, 5.171, 12.931]
 Value_fitval [-11.17168402891483, -9.518615255496076, -12.245150091034194]
---------------------------------------------------------
[3.964, 17.374, 5.155, 14.406]
 Value_fitval [-10.710151538871395, -10.366173013112052, -10.820885119779419]
---------------------------------------------------------
[3.99, 17.219, 5.114, 14.39]
 Value_fitval [-10.132963654143616, -10.35198459407136, -10.962274899783468]
---------------------------------------------------------
[3.974, 17.477, 5.176, 14.166]
 Value_fitval [-10.975980873715693, -10.242657640074274, -10.752602566872877]
---------------------------------------------------------
[3.911, 17.461, 5.174, 14.382]
 Value_fitval [-10.859196706669938, -10.223962959489661, -11.01724565743303]
---------------------------------------------------------
[3.755, 17.474, 5.177, 14.373]
 Value_fitval [-10.816765075600348, -10.206268651934627, -11.787183430549284]
---------------------------------------------------------
[3.941, 17.462, 5.183, 14.397]
 Value_fitval [-10.786244916480431, -10.241564462736987, -10.929568460481295]
---------------------------------------------------------
[3.992, 17.457, 5.176, 14.396]
 Value_fitval [-10.820273079230486, -10.248167561929932, -10.678327659529112]
---------------------------------------------------------
[3.983, 17.462, 5.176, 14.344]
 Value_fitval [-10.876770062186607, -10.223921801901554, -10.748391191053921]
---------------------------------------------------------
[3.974, 17.478, 5.159, 13.445]
 Value_fitval [-11.968208776894079, -9.945414161790376, -11.013636020270223]
---------------------------------------------------------
[3.989, 17.441, 5.216, 14.228]
 Value_fitval [-10.252903867713062, -9.667813709297935, -10.039116414081796]
---------------------------------------------------------
[3.965, 17.469, 5.177, 14.223]
 Value_fitval [-10.913793108101633, -10.235172179513498, -10.75190610026432]
---------------------------------------------------------
[3.781, 17.073, 4.959, 14.4]
 Value_fitval [-9.64493260331902, -10.286925218995552, -11.992390752274225]
---------------------------------------------------------
[3.993, 17.476, 5.147, 14.401]
 Value_fitval [-10.957755282561612, -10.260415032775425, -10.62576644019254]
---------------------------------------------------------
[3.994, 17.422, 5.168, 14.286]
 Value_fitval [-10.92613091990775, -10.255236229409961, -10.77185609141642]
---------------------------------------------------------
[3.993, 17.428, 5.169, 14.299]
 Value_fitval [-10.895227058515307, -10.259124410062077, -10.760190888103994]
---------------------------------------------------------
[3.677, 17.421, 5.17, 14.354]
 Value_fitval [-10.507995949904574, -10.165910947695203, -12.364986945290097]
---------------------------------------------------------
[3.783, 17.381, 5.107, 14.268]
 Value_fitval [-10.506336729392288, -10.163848493221373, -11.83622131612832]
---------------------------------------------------------
[3.99, 17.473, 5.155, 14.135]
 Value_fitval [-11.094420028727122, -10.244781356276384, -10.626054033290917]
---------------------------------------------------------
[3.959, 17.423, 5.174, 14.308]
 Value_fitval [-10.83153554366541, -10.252844434570587, -10.92121105202394]
---------------------------------------------------------
[3.994, 17.47, 5.173, 14.306]
 Value_fitval [-11.07405836148078, -10.24268793876427, -10.69438978509218]
---------------------------------------------------------
[3.655, 10.218, 0.766, 7.588]
 Value_fitval [-10.60771021031532, -15.334300867220751, -10.245828175932141]
---------------------------------------------------------
[1.74, 17.585, 3.831, 7.097]
 Value_fitval [-9.516542201826136, -4.593030692875827, -12.593254674896922]
---------------------------------------------------------
[3.994, 16.293, 5.177, 14.32]
 Value_fitval [-7.613200147361708, -10.765805281475822, -11.659488696296547]
---------------------------------------------------------
[3.965, 17.469, 5.057, 14.223]
 Value_fitval [-10.847295580303207, -10.24689396279589, -10.753319151457706]
---------------------------------------------------------
[3.755, 17.474, 5.155, 14.135]
 Value_fitval [-11.23827067060438, -10.08365479214429, -11.92139006166724]
---------------------------------------------------------
[3.99, 17.473, 5.177, 14.373]
 Value_fitval [-10.901098063126183, -10.235826503032017, -10.686305927938733]
---------------------------------------------------------
[3.994, 17.47, 5.173, 14.306]
 Value_fitval [-11.074051932659707, -10.242683702534016, -10.694405129039202]
---------------------------------------------------------
[3.938, 17.477, 5.078, 14.342]
 Value_fitval [-10.864409506744106, -10.192268385127068, -10.921995688501731]
---------------------------------------------------------
[1.638, 11.426, 2.561, 6.52]
 Value_fitval [-10.00130722841403, -16.60944758687901, -9.333612620561706]
---------------------------------------------------------
[2.261, 15.303, 6.551, 12.666]
 Value_fitval [-3.712672080746632, -9.854232524900798, -13.44536334677396]
---------------------------------------------------------
[2.367, 17.035, 6.517, 11.597]
 Value_fitval [-8.217926612342719, -8.42934221508046, -15.584568225808397]
---------------------------------------------------------
[3.911, 17.462, 5.183, 14.382]
 Value_fitval [-10.759635807071227, -10.223985202395287, -11.083090023553076]
---------------------------------------------------------
[3.941, 17.461, 5.174, 14.397]
 Value_fitval [-10.879350484466102, -10.254972545503707, -10.893669100906951]
---------------------------------------------------------
[3.964, 17.478, 5.159, 14.406]
 Value_fitval [-10.941756745393716, -10.25541716799995, -10.763663749414025]
---------------------------------------------------------
[3.974, 17.374, 5.155, 13.445]
 Value_fitval [-11.530714708046423, -9.978374608761648, -11.129820836173765]
---------------------------------------------------------
[2.193, 11.646, 5.222, 8.703]
 Value_fitval [-4.274117526214611, -40.80174783228151, -9.560803597375267]
---------------------------------------------------------
[3.993, 17.477, 5.176, 14.344]
 Value_fitval [-10.94714147052493, -10.22237037708949, -10.684012069699715]
---------------------------------------------------------
[3.534, 12.059, 3.018, 12.543]
 Value_fitval [-0.6741872907349453, -11.799776601139953, -12.441452554809372]
---------------------------------------------------------
[2.171, 18.15, 2.574, 13.728]
 Value_fitval [-11.636435969281706, -9.215087347890057, -16.776613025583554]
---------------------------------------------------------
[1.96, 12.105, 2.592, 15.067]
 Value_fitval [-3.0628159299073907, -14.43799234178102, -11.255973583124188]
---------------------------------------------------------
[0.474, 10.751, 3.809, 7.092]
 Value_fitval [-10.749450138038277, -5.393101027784971, -7.654875304713906]
---------------------------------------------------------
[2.459, 15.639, 4.381, 6.651]
 Value_fitval [-1.7971442837563048, -7.188466293097779, -13.187189217103178]
---------------------------------------------------------
[1.239, 11.115, 3.345, 5.624]
 Value_fitval [-10.499523422493137, -11.883630804214542, -9.031542256870233]
---------------------------------------------------------
[3.708, 15.845, 4.768, 11.777]
 Value_fitval [-6.51885652138481, -8.785860806226193, -13.674254637649408]
---------------------------------------------------------
[1.147, 17.959, 1.265, 9.574]
 Value_fitval [-10.04889642223025, -2.441916856679204, -10.55868808158749]
---------------------------------------------------------
[2.727, 11.451, 3.629, 5.986]
 Value_fitval [-7.889957371396973, -24.119728398274255, -10.763435769681728]
---------------------------------------------------------
[3.324, 13.257, 4.65, 11.891]
 Value_fitval [-1.2577545364005212, -9.868396781312569, -13.335746716840365]
---------------------------------------------------------
[2.095, 18.689, 4.069, 6.212]
 Value_fitval [-12.912259389750337, -5.3061181707402625, -16.00195749464448]
---------------------------------------------------------
[3.51, 10.681, 3.238, 10.79]
 Value_fitval [-1.919936176492868, -13.921010331073479, -10.724608558268958]
---------------------------------------------------------
[1.623, 18.752, 6.021, 13.311]
 Value_fitval [-14.274683274853157, -8.959746706106465, -14.532175432665502]
---------------------------------------------------------
[1.208, 18.989, 5.942, 13.002]
 Value_fitval [-15.60603159890136, -8.794778511478341, -12.673978529293233]
---------------------------------------------------------
[1.25, 12.36, 1.377, 14.674]
 Value_fitval [-1.2465740459305161, -13.406476610787166, -9.406838956619287]
---------------------------------------------------------
[3.15, 10.525, 1.607, 5.615]
 Value_fitval [-10.61500058911186, -15.658626953011476, -11.769573876159882]
---------------------------------------------------------
[1.436, 11.157, 3.599, 11.566]
 Value_fitval [-1.4449695122179356, -10.454596025780125, -9.207593683931744]
---------------------------------------------------------
[1.962, 17.419, 4.065, 13.281]
 Value_fitval [-8.671464177933787, -9.184170803613666, -14.387279213602786]
---------------------------------------------------------
[2.62, 15.872, 4.267, 13.34]
 Value_fitval [-5.594526763063231, -9.829616819291978, -15.21569117796205]
---------------------------------------------------------
[2.994, 10.445, 4.312, 5.798]
 Value_fitval [-8.160616446985378, -14.142273160251744, -10.172088743425881]
---------------------------------------------------------
[3.3, 10.765, 2.076, 6.76]
 Value_fitval [-9.153074726372244, -18.68637827606226, -10.652589217943646]
---------------------------------------------------------
[3.003, 13.293, 2.359, 11.891]
 Value_fitval [-0.5016718689514763, -8.30734708713157, -13.245006836137502]
---------------------------------------------------------
[2.7, 11.732, 2.162, 8.55]
 Value_fitval [-6.876200559698461, -32.15123982482229, -10.904723450803038]
---------------------------------------------------------
[1.206, 14.296, 1.08, 7.74]
 Value_fitval [-9.096655513462668, -10.528317342393823, -9.178569596343282]
---------------------------------------------------------
[2.309, 10.619, 1.802, 6.067]
 Value_fitval [-10.815497711022626, -12.84851526403319, -10.33421168617544]
---------------------------------------------------------
[2.509, 14.618, 3.866, 6.306]
 Value_fitval [-1.4100668886415444, -9.618761360384555, -12.922306256610723]
---------------------------------------------------------
[3.102, 10.712, 2.128, 5.623]
 Value_fitval [-9.948300489206343, -17.274712033385242, -11.256321069474778]
---------------------------------------------------------
[3.261, 12.61, 2.666, 8.795]
 Value_fitval [-3.3298824699575578, -13.464616280298484, -12.409557385846071]
---------------------------------------------------------
[2.19, 12.502, 1.37, 9.058]
 Value_fitval [-7.61322481404359, -19.190529815338007, -10.379997942193786]
---------------------------------------------------------
[2.885, 11.356, 1.931, 5.801]
 Value_fitval [-9.682812071927408, -22.99903339810551, -11.897804817937633]
---------------------------------------------------------
[3.32, 10.88, 4.552, 11.05]
 Value_fitval [-0.7896189373624327, -13.972422130778206, -10.977434609115278]
---------------------------------------------------------
[2.122, 10.278, 2.496, 6.352]
 Value_fitval [-10.373541712492775, -9.771451238145625, -9.730869276659071]
---------------------------------------------------------
[2.386, 12.069, 1.962, 6.137]
 Value_fitval [-9.27427914618826, -21.467005870607284, -11.319175683637008]
---------------------------------------------------------
[3.316, 10.635, 2.562, 9.142]
 Value_fitval [-5.921328607751178, -16.003982248955197, -10.372570779963343]
---------------------------------------------------------
[1.967, 15.34, 4.451, 6.309]
 Value_fitval [-0.9874241518986705, -7.629739228024924, -11.694977358376281]
---------------------------------------------------------
[1.585, 15.687, 4.596, 8.554]
 Value_fitval [-1.157197604077477, -1.6105505209939186, -10.697760865013722]
---------------------------------------------------------
[2.896, 12.311, 1.435, 12.673]
 Value_fitval [-0.3665620778894326, -10.723474992247503, -12.027625175550124]
---------------------------------------------------------
[3.15, 10.525, 1.607, 5.615]
 Value_fitval [-10.6149964295008, -15.658629573463028, -11.769567012012097]
---------------------------------------------------------
[2.163, 15.454, 2.64, 6.11]
 Value_fitval [-1.3218445693703196, -9.016224381110893, -12.544999919961095]
---------------------------------------------------------
[2.598, 10.604, 3.179, 8.568]
 Value_fitval [-6.678343619671827, -13.22784019990072, -9.95448249756034]
---------------------------------------------------------
[1.045, 13.056, 2.127, 7.805]
 Value_fitval [-9.040607282384487, -13.943117438180595, -8.815796736420223]
---------------------------------------------------------
[1.42, 17.134, 1.648, 5.719]
 Value_fitval [-6.64469011872705, -7.721838433144085, -11.51365321365917]
---------------------------------------------------------
[1.541, 11.355, 4.175, 5.941]
 Value_fitval [-9.149368771390337, -15.61087975660479, -9.137519249171678]
---------------------------------------------------------
[2.309, 16.432, 2.196, 7.823]
 Value_fitval [-4.928680237789989, -6.719697469567513, -13.896285553098695]
---------------------------------------------------------
[2.959, 13.45, 2.326, 7.948]
 Value_fitval [-3.5155206423505443, -12.634549843523207, -12.610225804581523]
---------------------------------------------------------
[2.567, 11.158, 2.256, 6.742]
 Value_fitval [-9.339805316818016, -18.871166363638288, -10.40904817523357]
---------------------------------------------------------
[3.143, 10.471, 3.396, 5.704]
 Value_fitval [-8.738348266547378, -15.032210211530542, -10.692768453117928]
---------------------------------------------------------
[2.904, 11.124, 1.944, 6.416]
 Value_fitval [-9.577257632922676, -20.36962144356564, -11.15636639355727]
---------------------------------------------------------
[1.637, 16.25, 6.447, 6.764]
 Value_fitval [-2.4688988396024576, -5.126956567580317, -10.875351116373814]
---------------------------------------------------------
[3.102, 10.712, 1.435, 12.673]
 Value_fitval [-1.2475724977954759, -27.49209486313002, -10.55475425101757]
---------------------------------------------------------
[2.896, 12.311, 2.128, 5.623]
 Value_fitval [-8.640557303930883, -20.170325906903514, -12.660556251814722]
---------------------------------------------------------
[2.904, 11.124, 1.944, 6.416]
 Value_fitval [-9.577267815771965, -20.369615032988683, -11.156364505380099]
---------------------------------------------------------
[2.885, 11.356, 1.931, 5.801]
 Value_fitval [-9.68280398788893, -22.999035459761167, -11.897786571375448]
---------------------------------------------------------
[2.592, 18.685, 3.009, 10.644]
 Value_fitval [-13.634290908854826, -4.499225916206928, -18.581096942966063]
---------------------------------------------------------
[2.904, 11.124, 2.128, 5.623]
 Value_fitval [-9.810955519494968, -20.523795654172652, -11.519289916435211]
---------------------------------------------------------
[2.896, 12.311, 1.944, 6.416]
 Value_fitval [-8.278817139700575, -20.616962718409034, -11.70705663056966]
---------------------------------------------------------
[0.834, 18.244, 5.802, 13.178]
 Value_fitval [-11.121635216186409, -8.989497922323364, -10.797638646898559]
---------------------------------------------------------
[1.585, 15.687, 2.496, 6.352]
 Value_fitval [-1.3435153881837665, -8.163322872073032, -10.9086835995493]
---------------------------------------------------------
[2.567, 11.158, 2.256, 12.673]
 Value_fitval [-0.3392815452741026, -17.845706409523018, -10.634320802831589]
---------------------------------------------------------
[3.102, 10.712, 1.435, 6.742]
 Value_fitval [-10.194565682077759, -16.941474287316044, -10.52803406609636]
---------------------------------------------------------
[1.045, 13.056, 2.127, 7.74]
 Value_fitval [-9.09986449911896, -13.981912328555408, -8.81205526419794]
---------------------------------------------------------
[1.206, 14.296, 1.08, 7.805]
 Value_fitval [-9.039733784140404, -10.493650026152821, -9.162339238863202]
---------------------------------------------------------
[3.989, 10.823, 2.778, 5.486]
 Value_fitval [-8.154334172715645, -23.794138959372958, -11.205225751933334]
---------------------------------------------------------
[2.7, 11.732, 2.162, 5.941]
 Value_fitval [-9.154961815039456, -23.569705302475647, -11.740528792305682]
---------------------------------------------------------
[1.541, 11.355, 4.175, 8.55]
 Value_fitval [-6.294008357537914, -15.276301832258362, -9.111817353162404]
---------------------------------------------------------
[2.163, 15.454, 2.64, 12.673]
 Value_fitval [-3.710959294044466, -9.000810692178892, -13.313228965986529]
---------------------------------------------------------
[2.567, 11.158, 2.256, 6.11]
 Value_fitval [-9.65022174218205, -18.667148228691516, -10.773041431074823]
---------------------------------------------------------
[2.904, 10.278, 4.596, 8.554]
 Value_fitval [-5.39724344285326, -11.960884874914857, -10.041168186620217]
---------------------------------------------------------
[2.122, 11.124, 2.128, 5.623]
 Value_fitval [-10.581106553607693, -16.392111990861324, -10.82987759759259]
---------------------------------------------------------
[1.116, 13.009, 3.459, 7.94]
 Value_fitval [-6.708222125306347, -13.090754840905149, -8.692579947918055]
---------------------------------------------------------
[2.862, 11.735, 2.202, 5.792]
 Value_fitval [-8.913247436418276, -24.451379104716846, -11.969048982634824]
---------------------------------------------------------
[1.541, 11.355, 4.175, 6.76]
 Value_fitval [-8.380718815082083, -15.368580713166008, -8.904609533797174]
---------------------------------------------------------
[3.3, 10.765, 2.076, 8.55]
 Value_fitval [-7.532383788353502, -17.92834848909664, -10.498804965000318]
---------------------------------------------------------
[2.934, 11.572, 2.864, 12.409]
 Value_fitval [-0.3013390824658636, -12.779643285604106, -11.538938855451846]
---------------------------------------------------------
[1.128, 11.532, 0.826, 14.053]
 Value_fitval [-0.5784639565917156, -21.523154515428082, -8.52385638576329]
---------------------------------------------------------
[2.326, 11.991, 1.569, 6.756]
 Value_fitval [-9.839753151883041, -22.14865606218818, -10.567892832532845]
---------------------------------------------------------
[1.967, 15.34, 4.451, 6.309]
 Value_fitval [-0.9874203820218728, -7.629736064117126, -11.694986724511114]
---------------------------------------------------------
[3.261, 16.432, 2.196, 7.823]
 Value_fitval [-7.804940654661186, -7.370292958886445, -15.638197916136567]
---------------------------------------------------------
[2.309, 12.61, 2.666, 8.795]
 Value_fitval [-4.799447102789778, -15.360343777090462, -11.055829891551097]
---------------------------------------------------------
[1.932, 10.604, 4.003, 6.042]
 Value_fitval [-9.204269936952103, -11.071530586642242, -9.377339725871504]
---------------------------------------------------------
[3.008, 13.262, 2.154, 9.777]
 Value_fitval [-1.7472262172119564, -6.484295565024997, -12.885685564052556]
---------------------------------------------------------
[3.146, 11.065, 2.053, 5.774]
 Value_fitval [-9.432297455813282, -21.042733589944355, -11.761713255169436]
---------------------------------------------------------
[2.089, 10.816, 1.721, 7.335]
 Value_fitval [-10.540071402590181, -13.214171244983772, -9.396159624110888]
---------------------------------------------------------
[2.724, 10.53, 1.768, 5.736]
 Value_fitval [-10.643701391305076, -14.088016683307892, -11.046233262891556]
---------------------------------------------------------
[3.001, 14.43, 3.45, 5.829]
 Value_fitval [-1.6395783258120562, -11.039671854995166, -13.751863259211172]
---------------------------------------------------------
[2.741, 12.188, 2.214, 10.441]
 Value_fitval [-2.8922413144769896, -7.878215853790566, -11.381276888761313]
---------------------------------------------------------
[3.241, 15.734, 1.954, 6.793]
 Value_fitval [-3.058847573391687, -9.738008180322366, -14.972139974375073]
---------------------------------------------------------
[3.03, 11.685, 1.455, 8.878]
 Value_fitval [-7.573936878477262, -36.669549195642375, -11.264227983561595]
---------------------------------------------------------
[2.983, 10.294, 3.621, 7.94]
 Value_fitval [-6.928438163875766, -12.569862450603127, -9.911722569181281]
---------------------------------------------------------
[2.707, 14.043, 3.969, 6.054]
 Value_fitval [-2.5378334901584108, -11.182486442708369, -12.867207716991334]
---------------------------------------------------------
[3.246, 10.675, 1.666, 8.882]
 Value_fitval [-8.112287471595582, -16.658999027054954, -10.324809058551615]
---------------------------------------------------------
[2.857, 12.199, 2.398, 6.138]
 Value_fitval [-8.015128083375872, -21.373436181601292, -11.580902880239691]
---------------------------------------------------------
[2.944, 10.881, 1.63, 5.861]
 Value_fitval [-10.341455472788185, -18.11893255971691, -11.344409987040505]
---------------------------------------------------------
[3.192, 10.604, 1.618, 6.07]
 Value_fitval [-10.189838843382704, -16.59168928460647, -11.31985770201564]
---------------------------------------------------------
[2.538, 11.06, 2.02, 5.619]
 Value_fitval [-10.298385613600669, -17.78091774452622, -11.311052584092256]
---------------------------------------------------------
[3.013, 11.528, 1.765, 5.935]
 Value_fitval [-9.472213383472667, -24.612552967802408, -11.914927152786865]
---------------------------------------------------------
[3.15, 10.525, 1.607, 5.615]
 Value_fitval [-10.61498201009941, -15.658629763711577, -11.769573876159882]
---------------------------------------------------------
[2.797, 10.895, 1.939, 5.991]
 Value_fitval [-10.072359430077535, -17.433934998794534, -11.1834667288994]
---------------------------------------------------------
[2.828, 10.536, 2.399, 7.029]
 Value_fitval [-9.19230641158663, -14.235532886455232, -10.145794099410805]
---------------------------------------------------------
[2.885, 13.538, 1.383, 6.95]
 Value_fitval [-6.868398489263975, -14.334965675016914, -13.020843488422384]
---------------------------------------------------------
[1.611, 13.231, 1.614, 5.682]
 Value_fitval [-9.818113531209097, -14.166414660958552, -10.783406620281784]
---------------------------------------------------------
[3.272, 10.538, 1.983, 8.403]
 Value_fitval [-8.09061509597926, -15.663020834012702, -10.164656590272152]
---------------------------------------------------------
[3.025, 12.184, 2.313, 6.643]
 Value_fitval [-7.588364142361211, -21.90778397557721, -11.566925840728297]
---------------------------------------------------------
[3.091, 11.373, 2.242, 7.34]
 Value_fitval [-8.049352497147638, -25.76854049777113, -11.204090086737462]
---------------------------------------------------------
[3.149, 10.71, 1.572, 5.769]
 Value_fitval [-10.36190817098378, -16.76256415613384, -11.438306172451686]
---------------------------------------------------------
[1.575, 13.877, 1.978, 6.265]
 Value_fitval [-8.415766589096995, -11.7407603691301, -10.294090975307373]
---------------------------------------------------------
[3.144, 10.472, 3.028, 5.671]
 Value_fitval [-9.132707785172826, -15.182768630160211, -10.824476661574122]
---------------------------------------------------------
[3.109, 10.889, 1.744, 5.67]
 Value_fitval [-10.011319145610143, -18.765524391028997, -11.923220412399582]
---------------------------------------------------------
[2.704, 11.686, 1.744, 13.171]
 Value_fitval [-0.23582430862075401, -13.680376804178122, -11.333696427882696]
---------------------------------------------------------
[2.634, 13.035, 6.71, 12.519]
 Value_fitval [-1.0723377709238917, -11.255049762704438, -12.507228399030513]
---------------------------------------------------------
[3.094, 15.744, 3.766, 13.916]
 Value_fitval [-5.8123335338523665, -10.328101196610591, -15.356287104749494]
---------------------------------------------------------
[3.945, 10.985, 5.151, 12.763]
 Value_fitval [-0.9393063891584239, -16.83721508352682, -11.130583457902546]
---------------------------------------------------------
[2.944, 10.525, 1.63, 5.861]
 Value_fitval [-10.55861700792734, -14.985875297223654, -11.171850331211823]
---------------------------------------------------------
[3.15, 10.881, 1.607, 5.615]
 Value_fitval [-10.45002813736334, -18.414463974930516, -11.950472880844003]
---------------------------------------------------------
[2.538, 11.06, 1.63, 5.861]
 Value_fitval [-10.594628664790184, -17.548791449704247, -11.407598830911711]
---------------------------------------------------------
[2.944, 10.525, 2.02, 5.619]
 Value_fitval [-10.35548566967038, -14.713561121861801, -11.14239089525354]
---------------------------------------------------------
[3.109, 10.889, 1.744, 6.138]
 Value_fitval [-9.889851699242163, -18.923796368736753, -11.425327666432732]
---------------------------------------------------------
[2.857, 12.199, 2.398, 5.67]
 Value_fitval [-8.451190474985683, -20.90600921734992, -12.34600998088898]
---------------------------------------------------------
[2.857, 12.199, 2.398, 5.774]
 Value_fitval [-8.325339319971583, -21.322720321471458, -11.817612392126524]
---------------------------------------------------------
[3.146, 11.065, 2.053, 5.67]
 Value_fitval [-9.628643849919255, -21.316660877738, -11.614301754878326]
---------------------------------------------------------
[1.372, 13.374, 1.648, 6.138]
 Value_fitval [-9.731019777875527, -13.476553096330338, -9.784708153502875]
---------------------------------------------------------
