[[0 0 0 0 1 1 1 0 0 0 1 1 0 1 0 1 1 0 0 1 1]
 [0 0 0 0 0 1 0 1 0 0 0 0 1 1 1 1 0 1 1 1 0]
 [0 1 1 0 1 1 1 0 1 0 1 0 1 1 1 0 1 0 0 0 0]
 [0 0 0 0 0 1 0 0 0 0 0 1 1 0 1 1 0 1 1 1 0]
 [0 1 0 1 0 1 0 0 1 0 0 1 1 0 0 0 0 0 1 1 1]
 [0 1 0 0 0 1 1 0 1 1 1 1 1 0 0 0 0 1 0 1 0]
 [1 1 0 1 0 1 1 1 0 0 1 0 0 0 1 0 1 0 1 0 1]
 [1 1 0 0 1 1 0 0 0 1 0 1 0 1 0 1 1 1 1 0 0]
 [0 0 0 1 1 0 1 0 0 0 1 0 0 1 0 1 0 1 1 0 1]
 [0 1 0 1 1 0 0 0 0 0 0 1 1 1 1 1 1 0 0 1 0]
 [1 0 0 1 1 0 0 1 1 0 1 1 0 0 1 0 0 0 0 0 0]
 [0 0 0 0 1 0 1 0 1 1 1 0 1 1 0 0 0 0 1 0 1]
 [0 1 1 1 1 1 1 0 0 0 0 0 1 0 0 1 1 0 1 0 1]
 [1 0 1 1 0 1 0 1 0 1 0 1 0 1 1 0 1 1 1 0 1]
 [1 1 1 0 1 1 1 0 0 1 0 1 0 1 1 1 0 0 0 1 0]
 [0 0 0 1 1 1 1 1 0 1 1 1 1 1 1 0 1 1 0 1 0]
 [0 1 0 0 1 0 1 1 1 0 1 0 0 1 1 0 0 1 0 1 0]
 [1 0 1 1 0 1 1 1 1 0 0 1 1 1 1 0 1 1 0 0 0]
 [1 0 1 1 1 1 0 1 0 0 1 1 0 1 0 1 0 0 0 0 0]
 [1 1 0 1 1 0 0 1 0 0 0 1 1 0 0 0 1 1 1 0 1]
 [1 0 1 0 0 0 1 1 1 0 1 0 1 1 0 0 0 0 0 1 1]
 [0 1 1 1 0 0 1 0 1 0 1 0 1 1 1 1 0 1 1 0 1]
 [1 0 0 1 1 0 0 0 1 0 1 1 1 0 1 0 1 1 0 1 1]
 [0 1 1 1 0 1 0 1 0 1 0 1 1 0 0 0 1 0 1 1 0]
 [0 1 1 1 0 1 0 1 1 1 0 0 0 1 1 0 1 0 1 1 1]
 [1 0 0 0 1 1 0 0 1 1 1 0 0 1 1 1 0 1 0 0 0]
 [0 1 0 1 0 0 1 0 0 0 0 1 1 1 0 1 0 0 1 0 1]
 [0 0 1 1 0 0 0 0 1 1 0 1 0 1 0 1 0 0 1 1 1]
 [1 1 0 0 1 0 0 1 1 0 0 0 0 0 0 1 0 1 1 0 0]
 [0 0 1 0 0 1 1 0 0 1 1 0 0 0 0 1 1 1 1 0 1]
 [1 0 1 1 0 0 1 0 1 1 1 1 1 0 1 0 1 0 0 1 1]
 [0 0 1 1 1 0 0 0 0 1 1 0 0 1 1 1 0 0 0 0 1]
 [0 1 0 0 1 1 1 0 1 1 1 1 1 0 0 0 1 1 0 0 0]
 [1 1 0 0 0 0 1 0 1 1 1 1 1 0 1 0 0 1 1 0 1]
 [1 0 1 0 0 1 0 1 1 0 1 0 0 0 0 0 0 1 0 0 1]
 [0 1 1 0 1 1 1 0 1 0 1 0 1 1 1 1 1 0 0 1 0]
 [1 0 1 1 1 0 0 0 1 0 1 0 1 1 1 0 0 0 0 0 1]]
 Value_fitval [-0.9182911568418237, -16.939317618918036]
---------------------------------------------------------
[[1 1 1 1 1 0 1 0 0 0 1 1 0 0 1 1 0 0 1 1 1]
 [1 1 0 0 1 0 0 1 0 1 0 1 1 1 1 0 1 1 1 1 0]
 [0 0 1 0 1 0 0 1 1 1 1 1 1 0 1 1 1 1 0 1 1]
 [0 0 0 1 1 1 1 1 1 1 1 0 0 1 0 0 0 0 1 0 1]
 [0 1 0 0 0 0 0 1 0 0 1 0 1 0 0 0 1 1 1 1 0]
 [0 1 1 1 0 0 0 0 0 0 1 1 0 1 0 1 1 0 0 1 0]
 [1 1 1 1 0 0 0 1 1 0 1 1 1 0 0 0 1 0 0 1 1]
 [1 1 1 1 0 0 1 1 0 0 0 1 0 0 1 1 1 0 1 0 1]
 [1 0 0 1 0 1 0 1 0 0 0 0 0 1 1 1 0 1 1 0 1]
 [1 0 0 0 1 1 0 1 1 0 1 0 1 0 0 1 0 0 1 0 0]
 [0 0 0 0 0 0 0 1 1 1 1 0 1 1 0 1 1 1 1 0 0]
 [1 0 1 0 1 0 1 0 0 0 1 1 0 1 0 1 1 0 0 0 1]
 [0 1 0 1 1 0 1 1 1 0 1 0 0 0 0 1 0 0 0 0 0]
 [0 0 1 1 0 1 0 0 1 1 0 1 0 0 1 1 1 1 1 1 1]
 [0 0 0 1 1 0 0 1 0 1 1 1 1 0 1 1 1 1 0 1 0]
 [0 0 0 0 1 1 0 0 1 0 0 0 0 1 0 0 1 0 1 0 0]
 [1 0 1 1 1 0 0 1 1 1 0 0 0 1 0 1 0 0 1 1 0]
 [1 0 0 0 0 0 0 0 0 1 0 0 1 1 0 0 1 0 1 0 0]
 [0 0 1 0 0 0 1 1 0 0 1 0 1 1 0 1 1 1 0 0 1]
 [1 0 1 1 0 0 0 1 0 1 1 0 1 0 1 1 1 1 1 0 1]
 [1 1 1 0 0 0 0 0 1 1 0 1 0 1 0 0 0 1 0 0 1]
 [0 0 1 0 0 1 1 1 1 0 1 1 1 1 0 0 0 0 0 1 1]
 [0 1 1 1 1 0 1 1 0 1 1 1 1 0 1 0 0 1 1 0 0]
 [0 0 0 1 1 1 1 1 0 1 0 1 0 0 1 0 1 1 1 1 1]
 [1 0 1 0 1 0 1 0 0 1 0 0 1 1 1 0 0 1 0 0 0]
 [0 0 1 1 1 1 0 0 0 0 1 0 0 0 0 1 0 0 0 1 1]
 [1 1 0 0 0 1 0 0 0 1 0 1 1 0 0 1 0 1 0 0 1]
 [1 1 0 1 0 1 0 1 0 1 1 0 0 1 1 1 1 0 1 0 1]
 [1 0 0 0 0 1 1 0 0 1 1 1 0 0 1 1 1 0 0 0 1]
 [0 0 1 1 1 1 1 0 1 0 0 1 0 1 1 1 0 1 0 1 0]
 [1 0 0 0 0 1 1 1 1 0 1 1 0 0 1 1 0 0 0 0 0]
 [1 0 1 1 1 1 1 1 0 0 0 1 1 1 1 0 0 1 1 1 0]
 [0 1 0 0 0 0 1 0 1 0 1 0 1 1 0 1 0 0 1 1 1]
 [0 0 1 1 0 1 1 1 0 1 1 1 0 1 1 1 1 1 1 1 0]
 [0 0 0 1 1 0 1 0 0 0 1 0 0 0 0 0 0 0 1 0 1]
 [0 1 1 1 1 1 0 1 0 0 0 0 0 1 0 0 0 1 1 1 1]
 [1 0 0 0 1 1 1 1 1 1 0 0 1 1 0 0 1 0 0 0 1]]
 Value_fitval [-16.907573126808252, -8.05718818293747]
---------------------------------------------------------
[[1 1 1 0 1 0 1 1 1 0 1 0 0 1 0 1 1 0 1 1 1]
 [1 1 1 0 1 0 1 0 1 1 0 1 0 0 0 1 1 0 0 1 0]
 [0 1 0 0 0 1 1 1 1 1 0 0 0 1 1 1 1 1 1 0 0]
 [1 1 1 0 1 1 0 0 1 0 0 0 0 0 0 1 0 1 0 0 0]
 [0 1 1 1 1 0 0 1 1 1 0 0 0 1 0 0 0 0 1 0 0]
 [0 1 1 1 1 0 1 0 1 0 0 1 0 1 1 0 1 0 0 1 1]
 [0 0 0 0 0 0 1 0 0 0 0 0 0 0 0 0 1 1 1 1 1]
 [1 1 1 1 0 1 1 1 1 1 1 0 0 0 0 0 0 1 0 0 1]
 [1 0 0 0 0 1 1 1 1 1 0 0 0 1 0 0 1 0 0 0 0]
 [0 0 0 1 1 0 1 1 0 0 0 1 0 0 1 0 0 0 1 0 0]
 [1 1 1 0 0 0 0 0 1 0 0 0 0 1 0 1 1 1 1 1 0]
 [0 1 1 1 0 0 0 0 0 1 0 0 0 0 1 1 0 1 1 1 0]
 [0 0 0 0 1 1 0 0 1 0 0 0 1 1 1 0 0 0 0 1 0]
 [1 1 0 1 1 0 1 0 1 0 1 1 0 1 1 0 1 0 0 0 1]
 [0 0 0 0 0 0 0 1 1 0 0 1 0 1 1 0 1 1 0 0 1]
 [1 0 0 0 0 0 1 0 0 1 1 0 1 1 1 1 1 1 1 0 0]
 [1 1 1 0 0 0 1 0 0 1 1 0 0 0 0 1 0 0 1 1 0]
 [0 1 1 1 0 1 1 0 1 1 0 0 0 1 0 1 1 1 1 1 0]
 [0 1 0 0 1 0 0 0 1 1 1 0 0 1 1 1 0 0 0 1 0]
 [1 0 0 1 1 0 1 1 1 0 0 1 1 0 1 0 0 0 0 0 1]
 [0 1 1 1 1 1 1 0 1 1 0 0 1 0 1 0 0 0 1 1 0]
 [0 0 1 1 0 0 1 0 0 1 0 0 0 0 0 0 0 0 1 0 1]
 [1 1 1 0 0 1 0 0 1 1 1 1 1 0 0 1 1 0 0 1 0]
 [0 0 1 0 0 0 0 0 1 0 1 0 0 1 1 1 1 0 0 0 0]
 [0 0 0 1 0 0 1 0 1 1 1 0 0 0 0 0 1 1 1 1 0]
 [1 0 1 1 0 0 1 0 1 1 0 0 1 0 0 1 0 0 0 0 0]
 [0 1 0 0 1 0 1 0 0 1 1 0 0 1 0 0 1 1 1 1 0]
 [0 0 1 1 1 1 0 1 0 0 1 0 1 0 1 0 1 1 0 0 1]
 [1 1 1 0 1 0 0 0 1 1 0 0 0 1 0 0 0 0 0 1 1]
 [1 1 0 0 0 0 0 0 0 0 1 0 0 1 1 1 0 1 1 0 0]
 [1 1 0 1 0 1 0 0 1 1 1 0 0 1 1 1 1 0 0 1 1]
 [0 0 1 0 1 1 1 0 0 0 0 1 0 0 0 0 0 1 0 0 1]
 [0 0 0 1 0 0 0 1 1 0 0 0 1 0 1 1 1 0 0 0 1]
 [0 1 1 0 0 0 1 1 0 0 0 0 0 0 0 1 0 0 0 0 1]
 [1 1 0 1 1 0 0 0 1 0 0 0 0 1 0 0 1 1 0 0 1]
 [0 0 1 1 1 1 1 0 0 0 0 0 1 0 0 0 0 0 0 0 1]
 [0 0 0 1 0 1 1 1 1 1 1 0 0 1 0 1 1 1 0 1 0]]
 Value_fitval [-1.5059213371332112, -19.717767541242857]
---------------------------------------------------------
[[0 0 0 1 0 0 0 1 1 1 0 1 0 0 1 0 1 1 1 0 0]
 [1 0 0 0 1 1 0 0 0 0 0 1 1 1 1 0 1 0 1 0 0]
 [0 0 0 0 0 1 0 0 0 0 1 1 0 1 1 0 0 0 1 1 0]
 [1 1 1 0 1 1 0 1 0 1 1 0 1 1 0 1 1 1 0 0 0]
 [1 1 0 1 1 1 1 1 1 1 1 1 1 0 1 1 1 1 0 1 1]
 [1 0 1 0 0 0 1 1 1 1 1 1 0 1 0 1 0 0 1 1 1]
 [0 1 0 0 0 1 0 0 1 1 1 1 0 0 0 0 1 1 0 1 1]
 [0 0 0 0 0 0 0 0 0 1 1 1 1 1 0 0 0 1 1 1 0]
 [0 0 0 0 0 1 0 0 0 1 1 1 0 1 1 1 0 0 1 1 0]
 [0 1 1 1 1 1 1 0 1 0 0 1 1 0 0 0 1 1 0 0 0]
 [0 1 1 0 0 0 1 1 0 0 0 0 1 1 1 1 1 1 0 0 0]
 [0 1 1 0 0 1 1 0 0 0 1 0 1 1 0 0 0 0 0 1 0]
 [1 1 0 1 1 1 1 1 1 1 0 0 0 0 0 0 0 0 1 1 1]
 [1 1 1 1 0 1 1 1 0 1 0 0 1 1 1 0 0 1 0 0 1]
 [1 0 0 1 1 0 0 0 1 0 0 0 0 1 1 0 1 0 1 0 0]
 [0 1 0 1 0 0 1 1 1 0 1 0 1 1 0 0 0 0 1 0 1]
 [1 0 1 1 0 0 1 0 1 0 0 0 1 1 0 0 0 0 0 1 1]
 [1 1 0 1 0 0 1 0 1 0 0 0 0 0 0 0 1 0 0 1 1]
 [1 1 0 1 1 1 1 1 0 1 1 0 1 0 1 0 0 0 0 1 1]
 [0 0 0 1 1 0 1 0 1 0 0 1 1 1 1 0 0 0 0 0 1]
 [1 1 1 1 0 1 1 1 1 0 1 1 0 1 1 1 0 0 0 0 0]
 [1 1 1 0 1 1 1 1 1 0 1 0 0 0 1 0 1 1 0 1 1]
 [0 0 1 0 0 1 0 1 1 1 1 0 0 1 0 1 1 1 1 0 1]
 [1 1 1 1 0 0 0 0 0 0 1 1 0 0 0 1 1 1 1 0 0]
 [0 0 1 0 1 1 0 1 1 1 0 0 1 1 0 0 1 0 0 0 1]
 [1 0 0 0 0 0 1 0 0 1 0 0 0 0 0 0 0 1 0 0 0]
 [1 0 1 0 0 0 1 0 0 1 1 1 1 1 0 1 0 0 1 1 1]
 [1 0 0 0 0 0 1 0 0 1 0 1 0 1 1 1 0 1 0 0 0]
 [1 1 0 0 0 1 1 0 1 1 1 1 0 1 1 0 0 1 0 1 0]
 [1 0 0 1 0 0 0 1 0 0 0 1 0 1 1 1 0 0 1 1 1]
 [1 0 0 0 1 1 1 0 0 1 1 0 0 1 0 0 1 0 0 1 0]
 [0 0 0 0 1 0 1 1 1 1 1 1 0 1 0 0 1 1 1 0 1]
 [0 1 1 0 0 1 0 0 0 1 0 1 1 1 1 0 1 1 1 1 0]
 [1 1 0 0 0 1 0 1 0 1 1 0 0 0 1 1 0 0 0 1 0]
 [0 0 0 0 0 0 0 1 0 0 0 1 1 1 0 0 0 1 0 0 1]
 [1 0 1 1 1 0 0 0 0 1 1 0 1 1 1 0 1 0 0 1 0]
 [1 0 1 0 0 1 1 1 1 0 1 1 0 0 0 0 1 0 1 0 0]]
 Value_fitval [-49.144950380747105, -1.32589351839812]
---------------------------------------------------------
[[1 1 0 0 1 0 0 1 0 0 1 0 0 0 0 1 1 1 1 0 1 1 1 1 1 0 1 1 1 1 0 0 1 0 1 0]
 [1 0 0 1 1 1 0 0 0 1 0 0 0 0 1 0 0 1 1 0 1 0 1 0 1 1 0 1 0 1 1 1 0 1 1 0]
 [0 0 1 1 0 0 1 1 0 0 1 1 0 0 1 1 1 1 1 0 0 0 0 0 0 0 1 0 1 1 0 0 0 0 1 0]
 [1 1 1 0 1 1 1 1 0 1 1 1 0 1 0 0 1 1 0 1 1 1 0 0 0 1 0 0 1 1 0 0 1 1 1 0]
 [0 1 1 0 0 0 1 1 1 1 1 1 0 0 1 1 1 0 0 0 1 1 1 1 0 0 1 0 0 0 0 0 1 0 1 1]
 [1 1 1 0 1 1 0 1 1 1 1 0 1 0 0 0 1 0 1 0 1 1 1 0 1 1 1 0 0 0 0 0 1 1 1 1]
 [1 0 1 0 0 1 0 1 0 0 1 0 0 0 1 0 1 0 1 0 1 1 0 1 0 0 1 1 0 0 0 1 0 0 1 1]
 [1 1 0 0 1 0 1 0 0 0 1 1 1 0 0 1 1 1 0 1 0 0 0 0 0 0 0 1 0 1 1 1 1 0 0 0]
 [1 0 1 0 1 1 1 1 0 1 1 1 1 1 1 1 0 0 1 0 1 0 1 1 0 1 0 0 1 0 0 0 0 0 1 1]
 [0 0 1 1 0 1 1 0 1 0 1 0 0 1 1 0 1 0 0 0 1 0 0 0 1 1 1 1 0 0 0 0 0 1 1 1]
 [1 1 0 0 0 0 1 1 1 0 1 1 1 1 0 0 0 1 1 1 1 0 0 1 0 1 0 0 1 0 0 1 0 1 0 1]
 [0 0 0 0 1 1 1 0 0 0 0 0 1 0 1 1 0 0 0 1 1 0 0 0 1 0 0 0 1 1 0 0 1 1 1 0]
 [1 1 1 0 0 0 1 0 0 1 1 0 1 1 1 1 0 0 1 0 0 0 0 0 0 1 1 0 1 1 1 0 1 1 0 1]
 [1 0 1 1 1 0 1 0 0 0 0 0 1 1 1 1 0 0 1 1 0 1 0 0 0 1 0 0 1 0 1 0 1 0 0 1]
 [1 1 0 1 0 0 1 1 0 0 0 1 0 0 1 1 0 0 1 0 1 0 1 1 1 1 1 1 1 1 0 1 1 0 0 0]
 [1 1 0 0 1 0 1 0 0 1 1 0 1 1 0 0 0 1 1 0 1 1 1 1 1 0 0 1 1 0 0 1 1 1 1 0]
 [1 0 0 0 0 1 1 0 0 0 0 1 1 0 1 0 1 1 1 0 0 1 0 0 0 0 1 1 0 0 0 1 0 1 1 1]
 [1 1 1 0 1 0 0 0 1 0 1 0 0 0 1 1 1 0 1 1 1 1 1 0 1 0 0 0 1 1 0 0 0 1 0 0]
 [1 1 0 1 0 0 0 1 0 1 0 0 1 1 1 0 0 0 0 1 1 1 1 1 0 0 1 1 0 0 1 1 0 0 0 0]
 [1 0 0 0 1 0 0 0 1 1 0 0 0 0 0 0 1 1 1 0 0 0 0 0 0 0 0 1 0 0 1 0 1 0 0 1]
 [0 1 0 1 1 1 0 0 1 1 0 0 1 0 1 1 0 0 0 0 0 0 0 1 1 0 1 0 0 0 0 1 1 1 1 0]
 [1 0 0 1 0 1 1 0 0 1 1 1 0 1 1 0 1 1 1 0 0 0 0 0 1 1 0 0 1 1 1 1 1 0 1 1]
 [1 1 0 0 1 1 0 0 1 1 0 0 0 0 1 0 1 0 0 0 1 1 1 0 1 0 1 1 0 1 0 1 0 0 0 1]
 [0 0 1 0 0 1 0 1 0 1 0 1 1 1 0 0 0 0 1 1 0 1 0 0 0 0 0 0 0 0 0 1 0 0 1 1]]
 Value_fitval [-0.899631803929209, -15.640988903418716]
---------------------------------------------------------
[[1 0 0 1 0 1 0 1 0 0 0 0 0 0 0 0]
 [0 1 0 0 0 0 1 1 0 1 0 0 0 1 0 0]
 [0 1 0 1 0 0 1 0 1 0 0 1 0 1 0 0]
 [0 0 0 0 0 0 1 0 1 0 1 0 0 0 1 1]
 [0 0 0 1 0 0 0 0 0 0 1 0 0 0 0 0]
 [1 0 0 0 0 0 0 1 0 1 0 0 1 0 0 0]
 [0 0 0 0 0 0 0 1 1 0 0 1 0 0 1 0]]
 Value_fitval [-0.5875421290748638, -18.69867788606574]
---------------------------------------------------------
[[0 0 1 1 0 0 0 0 0 1 0 1 1 0 1 1]
 [0 0 0 1 1 1 0 1 0 0 0 1 1 0 1 1]
 [0 0 1 1 1 0 0 0 0 1 0 1 1 0 1 0]
 [1 1 1 1 0 0 1 1 0 1 0 1 1 0 1 1]
 [1 0 0 0 1 0 0 1 1 0 0 0 1 0 1 0]
 [0 1 1 1 1 0 1 0 1 0 0 0 1 0 0 0]
 [0 0 0 1 1 0 0 0 0 1 1 1 0 0 1 0]]
 Value_fitval [-2.1771706750514452, -16.62739708646053]
---------------------------------------------------------
[[0 0 1 1 0 0 0 0 0 1 0 1 1 0 1 1]
 [0 0 0 1 1 1 0 1 0 0 0 1 1 0 1 1]
 [0 0 1 1 1 0 0 0 0 1 0 1 1 0 1 0]
 [1 1 1 1 0 0 1 1 0 1 0 1 1 0 1 1]
 [1 0 0 0 1 0 0 1 1 0 0 0 1 0 1 0]
 [0 1 1 1 1 0 1 0 1 0 0 0 1 0 0 0]
 [0 0 0 1 1 0 0 0 0 1 1 1 0 0 1 0]]
 Value_fitval [-2.1771706750514452, -16.62739708646053]
---------------------------------------------------------
[[1 0 0 1 0 1 0 1 0 0 0 0 0 0 0 0]
 [0 1 0 0 0 0 1 1 0 1 0 0 0 1 0 0]
 [0 1 0 1 0 0 1 0 1 0 0 1 0 1 0 0]
 [0 0 0 0 0 0 1 0 1 0 1 0 0 0 1 1]
 [0 0 0 1 0 0 0 0 0 0 1 0 0 0 0 0]
 [1 0 0 0 0 0 0 1 0 1 0 0 1 0 0 0]
 [0 0 0 0 0 0 0 1 1 0 0 1 0 0 1 0]]
 Value_fitval [-0.5875421290748638, -18.69867788606574]
---------------------------------------------------------
[[1 0 0 1 0 1 0 1 0 0 0 0 0 0 0 0]
 [0 1 0 0 0 0 1 1 0 1 0 0 0 1 0 0]
 [0 1 0 1 0 0 1 0 1 0 0 1 0 1 0 0]
 [0 0 0 0 0 0 1 0 1 0 1 0 0 0 1 1]
 [0 0 0 1 0 0 0 0 0 0 1 0 0 0 0 0]
 [1 0 0 0 0 0 0 1 0 1 0 0 1 0 0 0]
 [0 0 0 0 0 0 0 1 1 0 0 1 0 0 1 0]]
 Value_fitval [-0.5875421290748638, -18.69867788606574]
---------------------------------------------------------
[[1 0 0 1 0 1 0 1 0 0 0 0 0 0 0 0]
 [0 1 0 0 0 0 1 1 0 1 0 0 0 1 0 0]
 [0 1 0 1 0 0 1 0 1 0 0 1 0 1 0 0]
 [0 0 0 0 0 0 1 0 1 0 1 0 0 0 1 1]
 [0 0 0 1 0 0 0 0 0 0 1 0 0 0 0 0]
 [1 0 0 0 0 0 0 1 0 1 0 0 1 0 0 0]
 [0 0 0 0 0 0 0 1 1 0 0 1 0 0 1 0]]
 Value_fitval [-0.5875421290748638, -18.69867788606574]
---------------------------------------------------------
[[1 0 0 1 0 1 0 1 0 0 0 0 0 0 0 0]
 [0 1 0 0 0 0 1 1 0 1 0 0 0 1 0 0]
 [0 1 0 1 0 0 1 0 0 0 0 1 0 1 0 0]
 [0 0 0 0 0 0 1 0 1 0 1 0 0 0 1 1]
 [0 0 0 1 0 0 0 0 0 0 1 0 0 0 0 0]
 [1 0 0 0 0 0 0 1 0 1 0 0 1 0 0 0]
 [0 0 0 0 0 0 0 1 1 0 0 1 0 0 1 0]]
 Value_fitval [-0.6371502214424934, -22.668987984290375]
---------------------------------------------------------
[[1 0 0 1 0 1 0 1 0 0 0 0 0 0 0 0]
 [0 1 0 0 0 0 1 1 0 1 0 0 0 1 0 0]
 [0 1 0 1 0 0 1 0 0 0 0 1 0 1 0 0]
 [0 0 0 0 0 0 1 0 1 0 1 0 0 0 1 1]
 [0 0 0 1 0 0 0 0 0 0 1 0 0 0 0 0]
 [1 0 0 0 0 0 0 1 0 1 0 0 1 0 0 0]
 [0 0 0 0 0 0 0 1 1 0 0 1 0 0 1 0]]
 Value_fitval [-0.6371502214424934, -22.668987984290375]
---------------------------------------------------------
[[1 0 0 1 0 1 0 1 0 0 0 0 0 0 0 0]
 [0 1 0 0 0 0 1 1 0 1 0 0 0 1 0 0]
 [0 1 0 1 0 0 1 0 0 0 0 1 0 1 0 0]
 [0 0 0 0 0 0 1 0 1 0 1 0 0 0 1 1]
 [0 0 0 1 0 0 0 0 0 0 1 0 0 0 0 0]
 [1 0 0 0 0 0 0 1 0 1 0 0 1 0 0 0]
 [0 0 0 0 0 0 0 1 1 0 0 1 0 0 1 0]]
 Value_fitval [-0.6371502214424934, -22.668987984290375]
---------------------------------------------------------
[[1 0 0 1 0 1 0 1 0 0 0 0 0 0 0 0]
 [0 1 0 0 0 0 1 1 0 1 0 0 0 1 0 0]
 [0 1 0 1 0 0 1 0 0 0 0 1 0 1 0 0]
 [0 0 0 0 0 0 1 0 1 0 1 0 0 0 1 1]
 [0 0 0 1 0 0 0 0 0 0 1 0 0 0 0 0]
 [1 0 0 0 0 0 0 1 0 1 0 0 1 0 0 0]
 [0 0 0 0 0 0 0 1 1 0 0 1 0 0 1 0]]
 Value_fitval [-0.6371502214424934, -22.668987984290375]
---------------------------------------------------------
[[1 0 0 1 0 1 0 1 0 0 0 0 0 0 0 0]
 [0 1 0 0 0 0 1 1 0 1 0 0 0 1 0 0]
 [0 1 0 1 0 0 1 0 0 0 0 1 0 1 0 0]
 [0 0 0 0 0 0 1 0 1 0 1 0 0 0 1 1]
 [0 0 0 1 0 0 0 0 0 0 1 0 0 0 0 0]
 [1 0 0 0 0 0 0 1 0 1 0 0 1 0 0 0]
 [0 0 0 0 0 0 0 1 1 0 0 1 0 0 1 0]]
 Value_fitval [-0.6371502214424934, -22.668987984290375]
---------------------------------------------------------
[[1 0 0 1 0 1 0 1 0 0 0 0 0 0 0 0]
 [0 1 0 0 0 0 1 1 0 1 0 0 0 1 0 0]
 [0 1 0 1 0 0 1 0 0 0 0 1 0 1 0 0]
 [0 0 0 0 0 0 1 0 1 0 1 0 0 0 1 1]
 [0 0 0 1 0 0 0 0 0 0 1 0 0 0 0 0]
 [1 0 0 0 0 0 0 1 0 1 0 0 1 0 0 0]
 [0 0 0 0 0 0 0 1 1 0 0 1 0 0 1 0]]
 Value_fitval [-0.6371502214424934, -22.668987984290375]
---------------------------------------------------------
[[1 0 0 1 0 1 0 1 0 0 0 0 0 0 1 0]
 [0 0 0 0 0 0 1 1 0 1 0 0 0 1 0 0]
 [0 1 0 1 0 0 1 0 0 0 0 1 0 1 0 0]
 [0 0 0 0 0 0 1 0 1 0 1 0 0 0 1 1]
 [0 0 0 1 0 0 0 0 0 0 1 0 0 0 0 0]
 [1 0 0 0 0 0 0 1 0 1 0 0 1 0 0 0]
 [0 0 0 0 0 0 0 1 1 0 0 1 0 0 1 0]]
 Value_fitval [-0.6385344105125236, -22.900995477082944]
---------------------------------------------------------
[[1 0 0 1 0 1 0 1 0 0 0 0 0 0 1 0]
 [0 0 0 0 0 0 1 1 0 1 0 0 0 1 0 0]
 [0 1 0 1 0 0 1 0 0 0 0 1 0 1 0 0]
 [0 0 0 0 0 0 1 0 1 0 1 0 0 0 1 1]
 [0 0 0 1 0 0 0 0 0 0 1 0 0 0 0 0]
 [1 0 0 0 0 0 0 1 0 1 0 0 1 0 0 0]
 [0 0 0 0 0 0 0 1 1 0 0 1 0 0 1 0]]
 Value_fitval [-0.6385344105125236, -22.900995477082944]
---------------------------------------------------------
[[1 0 0 1 0 1 0 1 0 0 0 0 0 0 1 0]
 [0 0 0 0 0 0 1 1 0 1 0 0 0 1 0 0]
 [0 1 0 1 0 0 1 0 0 0 0 1 0 1 0 0]
 [0 0 0 0 0 0 1 0 1 0 1 0 0 0 1 1]
 [0 0 0 1 0 0 0 0 0 0 1 0 0 0 0 0]
 [1 0 0 0 0 0 0 1 0 1 0 0 1 0 0 0]
 [0 0 0 0 0 0 0 1 1 0 0 1 0 0 1 0]]
 Value_fitval [-0.6385344105125236, -22.900995477082944]
---------------------------------------------------------
[[1 0 0 1 0 1 0 1 0 0 0 0 0 0 1 0]
 [0 0 0 0 0 0 1 1 0 1 0 0 0 1 0 0]
 [0 1 0 1 0 0 1 0 0 0 0 1 0 1 0 0]
 [0 0 0 0 0 0 1 0 1 0 1 0 0 0 1 1]
 [0 0 0 1 0 0 0 0 0 0 1 0 0 0 0 0]
 [1 0 0 0 0 0 0 1 0 1 0 0 1 0 0 0]
 [0 0 0 0 0 0 0 1 1 0 0 1 0 0 1 0]]
 Value_fitval [-0.6385344105125236, -22.900995477082944]
---------------------------------------------------------
[[1 0 0 1 0 1 0 1 0 0 0 0 0 0 1 0]
 [0 0 0 0 0 0 1 1 0 1 0 0 0 1 0 0]
 [0 1 0 1 0 0 1 0 0 0 0 1 0 1 0 0]
 [0 0 0 0 0 0 1 0 1 0 1 0 0 0 1 1]
 [0 0 0 1 0 0 0 0 0 0 1 0 0 0 0 0]
 [1 0 0 0 0 0 0 1 0 1 0 0 1 0 0 0]
 [0 0 0 0 0 0 0 1 1 0 0 1 0 0 1 0]]
 Value_fitval [-0.6385344105125236, -22.900995477082944]
---------------------------------------------------------
[[1 0 0 1 0 1 0 1 0 0 0 0 0 0 1 0]
 [0 0 0 0 0 0 1 1 0 1 0 0 0 1 0 0]
 [0 1 0 1 0 0 1 0 0 0 0 1 0 1 0 0]
 [0 0 0 0 0 0 1 0 1 0 1 0 0 0 1 1]
 [0 0 0 1 0 0 0 0 0 0 1 0 0 0 0 0]
 [1 0 0 0 0 0 0 1 0 1 0 0 1 0 0 0]
 [0 0 0 0 0 0 0 1 1 0 0 1 0 0 1 0]]
 Value_fitval [-0.6385344105125236, -22.900995477082944]
---------------------------------------------------------
[[1 0 0 1 0 1 0 1 0 0 0 0 0 0 1 0]
 [0 0 0 0 0 0 1 1 0 1 0 0 0 1 0 0]
 [0 1 0 1 0 0 1 0 0 0 0 1 0 1 0 0]
 [0 0 0 0 0 0 1 0 1 0 1 0 0 0 1 1]
 [0 0 0 1 0 0 0 0 0 0 1 0 0 0 0 0]
 [1 0 0 0 0 0 0 1 0 1 0 0 1 0 0 0]
 [0 0 0 0 0 0 0 1 1 0 0 1 0 0 1 0]]
 Value_fitval [-0.6385344105125236, -22.900995477082944]
---------------------------------------------------------
[[1 0 0 1 0 1 0 1 0 0 0 0 0 0 1 0]
 [0 0 0 0 0 0 1 1 0 1 0 0 0 1 0 0]
 [0 1 0 1 0 0 1 0 0 0 0 1 0 1 0 0]
 [0 0 0 0 0 0 1 0 1 0 1 0 0 0 1 1]
 [0 0 0 1 0 0 0 0 0 1 1 0 0 0 0 0]
 [1 0 0 0 0 0 0 1 0 1 0 0 1 0 0 0]
 [0 0 0 0 0 0 0 1 1 0 0 1 0 0 1 0]]
 Value_fitval [-0.6130816695635898, -23.027510706119184]
---------------------------------------------------------
[[1 0 0 1 0 1 0 0 0 0 0 0 0 0 1 0]
 [0 0 0 0 0 0 1 1 0 1 0 0 0 1 0 0]
 [0 1 0 1 0 0 1 0 0 0 0 1 0 1 0 0]
 [0 0 0 0 0 0 1 0 1 0 1 0 0 0 1 1]
 [0 0 0 1 0 0 0 0 0 1 1 0 0 0 0 0]
 [1 0 0 0 0 0 0 1 0 1 0 0 1 0 0 0]
 [0 0 0 0 0 0 0 1 1 0 0 1 0 0 1 0]]
 Value_fitval [-0.6267629593921475, -21.89475008023544]
---------------------------------------------------------
[[1 0 0 1 0 1 0 0 0 0 0 0 0 0 1 0]
 [0 0 0 0 0 0 1 1 0 1 0 0 0 1 0 0]
 [0 1 0 1 0 0 1 0 0 0 0 1 0 1 0 0]
 [0 0 0 0 0 0 1 0 1 0 1 0 0 0 1 1]
 [0 0 0 1 0 0 0 0 0 1 1 0 0 0 0 0]
 [1 0 0 0 0 0 0 1 0 1 0 0 1 0 0 0]
 [0 0 0 0 0 0 0 1 1 0 0 1 0 0 1 0]]
 Value_fitval [-0.6267629593921475, -21.89475008023544]
---------------------------------------------------------
[[1 0 0 1 0 1 0 0 0 0 0 0 0 0 0 0]
 [0 0 0 0 0 0 1 1 0 1 0 0 0 1 0 0]
 [0 1 0 1 0 0 1 0 0 0 0 1 0 1 0 0]
 [0 0 0 0 0 0 1 0 1 0 1 0 0 0 1 1]
 [0 0 0 1 0 0 0 0 0 1 1 0 0 0 0 0]
 [1 0 0 0 0 0 0 1 0 1 0 0 1 0 0 0]
 [0 0 0 0 0 0 0 1 1 0 0 1 0 0 1 0]]
 Value_fitval [-0.6287387432818409, -21.770024909164334]
---------------------------------------------------------
[[1 0 0 1 0 1 0 0 0 0 0 0 0 0 0 0]
 [0 0 0 0 0 0 1 1 0 1 0 0 0 1 0 0]
 [0 1 0 1 0 0 1 0 0 0 0 1 0 1 0 0]
 [0 0 0 0 0 0 1 0 1 0 1 0 0 0 1 1]
 [0 0 0 1 0 0 0 0 0 1 1 0 0 0 0 0]
 [1 0 0 0 0 0 0 1 0 1 0 0 1 0 0 0]
 [0 0 0 0 0 0 0 1 1 0 0 1 0 0 1 0]]
 Value_fitval [-0.6287387432818409, -21.770024909164334]
---------------------------------------------------------
[[1 0 0 1 0 1 0 0 0 0 0 0 0 0 0 0]
 [0 0 0 0 0 0 1 1 0 1 0 0 0 1 0 0]
 [0 1 0 1 0 0 1 0 0 0 0 1 0 1 0 0]
 [0 0 0 0 0 0 1 0 1 0 1 0 0 0 1 1]
 [0 0 0 1 0 0 0 0 0 1 1 0 0 0 0 0]
 [1 0 0 0 0 0 0 1 0 1 0 0 1 0 0 0]
 [0 0 0 0 0 0 0 1 1 0 0 1 0 0 1 0]]
 Value_fitval [-0.6287387432818409, -21.770024909164334]
---------------------------------------------------------
[[1 0 0 1 0 1 0 0 0 0 0 0 0 0 0 0]
 [0 0 0 0 0 0 1 1 0 1 0 0 0 0 0 0]
 [0 1 0 1 0 0 1 0 0 0 0 1 0 1 0 0]
 [0 0 0 0 0 0 1 0 1 0 1 0 0 0 1 1]
 [0 0 0 1 0 0 0 0 0 1 1 0 0 0 0 0]
 [1 0 0 0 0 0 0 1 0 1 0 0 1 0 0 0]
 [0 0 0 0 0 0 0 1 1 0 0 1 0 0 1 0]]
 Value_fitval [-0.6293074827399481, -21.416431859900996]
---------------------------------------------------------
[[1 0 0 1 0 1 0 0 0 0 0 0 0 0 0 0]
 [0 0 0 0 0 0 1 1 0 1 0 0 0 0 0 0]
 [0 1 0 1 0 0 1 0 0 0 0 1 0 1 0 0]
 [0 0 0 0 0 0 1 0 1 0 1 0 0 0 1 1]
 [0 0 0 1 0 0 0 0 0 1 1 0 0 0 0 0]
 [1 0 0 0 0 0 0 1 0 1 0 0 1 0 0 0]
 [0 0 0 0 0 0 0 1 1 0 0 1 0 0 1 0]]
 Value_fitval [-0.6293074827399481, -21.416431859900996]
---------------------------------------------------------
[[1 0 0 1 0 1 0 0 0 0 0 0 0 0 0 0]
 [0 0 0 0 0 0 1 1 0 1 0 0 0 0 0 0]
 [0 1 0 1 0 0 1 0 0 0 0 1 0 1 0 0]
 [0 0 0 0 0 0 1 0 1 0 1 0 0 0 1 1]
 [0 0 0 1 0 0 0 0 0 1 1 0 0 0 0 0]
 [1 0 0 0 0 0 0 1 0 1 0 0 1 0 0 0]
 [0 0 0 0 0 0 0 1 1 0 0 1 0 0 1 0]]
 Value_fitval [-0.6293074827399481, -21.416431859900996]
---------------------------------------------------------
[[1 0 1 1 0 1 1 1 0 0 0 0 0 0 1 1]
 [1 0 0 0 0 1 1 0 0 1 0 1 0 0 1 0]
 [0 1 1 1 0 0 1 0 1 0 1 0 1 1 1 0]
 [1 0 0 1 0 0 1 1 0 0 0 0 1 0 0 1]
 [0 0 0 0 0 1 1 1 1 1 0 1 0 1 0 1]
 [1 0 1 1 1 0 1 0 1 1 0 0 1 1 0 1]
 [0 1 0 0 0 0 1 1 0 1 1 0 0 0 0 0]]
 Value_fitval [-2.4365825394306744, -25.99918457936034]
---------------------------------------------------------
[[1 0 1 1 0 1 1 1 0 0 0 0 0 0 1 1]
 [1 0 0 0 0 1 1 0 0 1 0 1 0 0 1 0]
 [0 1 1 1 0 0 1 0 1 0 1 0 1 1 1 0]
 [1 0 0 1 0 0 1 1 0 0 0 0 1 0 0 1]
 [0 0 0 0 0 1 1 1 1 1 0 1 0 1 0 1]
 [1 0 1 1 1 0 1 0 1 1 0 0 1 1 0 1]
 [0 1 0 0 0 0 1 1 0 1 1 0 0 0 0 0]]
 Value_fitval [-2.4365825394306744, -25.99918457936034]
---------------------------------------------------------
[[1 0 0 1 0 0 0 0 0 0 0 0 0 0 0 0]
 [0 0 0 0 0 0 1 1 0 1 0 0 0 0 0 0]
 [0 1 0 1 0 0 1 0 0 0 0 1 0 1 0 0]
 [0 0 0 0 0 0 1 0 1 0 1 0 0 0 1 1]
 [0 0 0 1 0 0 0 0 0 1 1 0 0 0 0 0]
 [1 0 0 0 0 0 0 1 0 1 0 0 1 0 0 0]
 [0 0 0 0 0 0 0 1 1 0 0 1 0 0 1 0]]
 Value_fitval [-0.6444093728911082, -28.32510975179682]
---------------------------------------------------------
[[1 0 0 1 0 0 0 0 0 0 0 0 0 0 0 0]
 [0 0 0 0 0 0 1 1 0 1 0 0 0 0 0 0]
 [0 1 0 1 0 0 1 0 0 0 0 1 0 1 0 0]
 [0 0 0 0 0 0 1 0 1 0 1 0 0 0 1 1]
 [0 0 0 1 0 0 0 0 0 1 1 0 0 0 0 0]
 [1 0 0 0 0 0 0 1 0 1 0 0 1 0 0 0]
 [0 0 0 0 0 0 0 1 1 0 0 1 0 0 1 0]]
 Value_fitval [-0.6444093728911082, -28.32510975179682]
---------------------------------------------------------
[[1 0 0 1 0 0 0 0 0 0 0 0 0 0 0 0]
 [0 0 0 0 0 0 1 1 0 1 0 0 0 0 0 0]
 [0 1 0 1 0 0 1 0 0 0 0 1 1 1 0 0]
 [0 0 0 0 0 0 1 0 1 0 1 0 0 0 1 1]
 [0 0 0 1 0 0 0 0 0 1 1 0 0 0 0 0]
 [1 0 0 0 0 0 0 1 0 1 0 0 1 0 0 0]
 [0 0 0 0 0 0 0 1 1 0 0 1 0 0 1 0]]
 Value_fitval [-0.6829763760344553, -32.27998402249511]
---------------------------------------------------------
[[1 0 0 1 0 0 0 0 0 0 0 0 0 0 0 0]
 [0 0 0 0 0 0 1 1 0 1 0 0 0 0 0 0]
 [0 1 0 1 0 0 1 0 0 0 0 1 1 1 0 0]
 [0 0 0 0 0 0 1 0 1 0 1 0 0 0 1 1]
 [0 0 0 1 0 0 0 0 0 1 1 0 0 0 0 0]
 [1 0 0 0 0 0 0 1 0 1 0 0 1 0 0 0]
 [0 0 0 0 0 0 0 1 1 0 0 1 0 0 1 0]]
 Value_fitval [-0.6829763760344553, -32.27998402249511]
---------------------------------------------------------
[[0 0 1 0 0 0 1 1 0 0 0 1 1 0 1 1]
 [0 1 1 1 0 1 1 0 1 0 1 0 0 0 1 0]
 [0 1 0 0 1 0 0 0 1 1 0 1 0 0 1 0]
 [1 1 0 1 1 0 1 0 0 1 0 0 1 0 1 0]
 [1 0 0 1 1 1 1 0 1 1 1 1 1 1 0 1]
 [0 0 1 1 1 1 0 0 1 0 0 1 0 0 1 1]
 [1 0 0 0 0 0 0 0 1 1 1 0 1 0 1 0]]
 Value_fitval [-2.0765197752256657, -19.695066577769346]
---------------------------------------------------------
[[1 0 1 1 0 1 1 1 0 0 0 0 0 0 1 1]
 [1 0 0 0 0 1 1 0 0 1 0 1 0 0 1 0]
 [0 1 1 1 0 0 1 0 1 0 1 0 1 1 1 0]
 [1 0 0 1 0 0 1 1 0 0 0 0 1 0 0 1]
 [0 0 0 0 0 1 1 1 1 1 0 1 0 1 0 1]
 [1 0 1 1 1 0 1 0 1 1 0 0 1 1 0 1]
 [0 1 0 0 0 0 1 1 0 1 1 0 0 0 0 0]]
 Value_fitval [-2.4365825394306744, -25.99918457936034]
---------------------------------------------------------
